"ID_REF"	"GSM3268052"	"GSM3268053"	"GSM3268054"	"GSM3268055"	"GSM3268056"	"GSM3268057"	"GSM3268058"	"GSM3268059"	"GSM3268060"	"GSM3268061"	"GSM3268062"	"GSM3268063"	"GSM3268064"	"GSM3268065"	"GSM3268066"	"GSM3268067"	"GSM3268068"	"GSM3268069"	"GSM3268070"	"GSM3268071"	"GSM3268072"	"GSM3268073"	"GSM3268074"	"GSM3268075"	"GSM3268076"	"GSM3268077"	"GSM3268078"	"GSM3268079"	"GSM3268080"	"GSM3268081"	"GSM3268082"
"cel-miR-39-3p"	17.26765178	28.4429658	15.88947993	14.4200074	5.897076869	19.56224444	10.55606329	14.72300241	25.45716748	16.1112888	20.11221399	18.63573738	32.67238802	10.19648502	21.70566924	0.329876978	0.632878297	2.770218936	0.473028823	0.91383145	4.531535541	10.056107	0.697371833	4.0278222	3.294364069	1.292352831	1.086734863	0.463294031	0.266092546	0.161544104	0.692554734
"hsa-let-7a-5p"	0.707106781	0.444421341	0.441351498	0.469761375	0.598739352	0.356012549	0.432268616	0.363493129	0.554784736	0.52850902	0.812252396	0.570381858	0.624165274	0.426317446	0.539614118	0.175555609	0.164938489	0.144586023	0.117440344	0.069830446	0.269807059	0.463294031	0.192109398	0.432268616	0.176776695	0.231647015	0.129408115	0.029769937	0.095391201	0.025033434	0.309926925
"hsa-let-7b-3p"	0.009685216	0.004876291	0.008608634	0.028755864	0.00401607	0.008974206	0.017098339	0.015197734	0.001262063	0.007238969	0.007546378	0.00219738	0.007139308	0.005562696	0.000258061	0.002472181	0.002879432	0.00364466	0.002939935	0.001362054	0.004613253	0.004910208	0.002762136	0.006524124	0.001410087	0.002724109	0.003569654	0.001343303	0.002506691	0.001619765	0.002559362
"hsa-let-7b-5p"	0.258816231	0.183010712	0.154963462	0.137738139	0.120742041	0.258816231	0.160428237	0.141610486	0.145591698	0.275476279	0.888842681	0.022718321	0.726986259	0.360982299	0.211686328	0.277392368	0.163799175	0.316439148	0.120742041	0.061213769	0.289172046	0.757858283	0.213158723	0.301451957	0.414659773	0.281264621	0.079109787	0.000509016	0.178006274	0.03742121	0.429282718
"hsa-let-7c"	0.023088741	0.023465202	0.01558894	0.015990217	0.013570961	0.014731008	0.01569737	0.018198962	0.032501873	0.010026765	0.020760716	0.007155823	0.021344379	0.013446116	0.016064279	0.004294383	0.00273041	0.003071871	0.003330605	0.00205497	0.011411772	0.039100567	0.001387465	0.010696876	0.006272835	0.007340021	0.005048253	0.004539241	0.003158233	0.000690534	0.01254567
"hsa-let-7d-3p"	0.153893052	0.167240944	0.156041319	0.133971683	0.13030822	0.140632311	0.144586023	0.204475515	0.151774361	0.181746565	0.167240944	0.083042863	0.339151082	0.156041319	0.131214585	0.111878134	0.125	0.062934722	0.161544104	0.116629124	0.148650889	0.119908015	0.119908015	0.181746565	0.10438599	0.189464571	0.137738139	0.10153155	0.114228931	0.072293011	0.085971364
"hsa-let-7d-5p"	0.116898906	0.047585527	0.057778104	0.031980434	0.070641837	0.041377778	0.033415625	0.0625	0.061497291	0.07588718	0.158219574	0.040761002	0.05366034	0.058856001	0.0238478	0.012662154	0.006059159	0.003942519	0.017701311	0.018241059	0.023958255	0.036230118	0.004507886	0.026521999	0.009980538	0.012006837	0.008088007	0.008648506	0.012459011	0.003799433	0.04190695
"hsa-let-7e-5p"	0.030819772	0.019103754	0.01175974	0.020333466	0.027393929	0.022876339	0.023195681	0.035896824	0.026460791	0.040107059	0.033261568	0.022405551	0.009957505	0.042101049	0.026278013	0.005013382	0.003001709	0.002577164	0.006801176	0.005154328	0.010380358	0.012516717	0.003262062	0.014179987	0.01551707	0.007546378	0.00464534	0.004128977	0.003472042	0.001161335	0.00567958
"hsa-let-7f-5p"	0.072293011	0.022718321	0.018073253	0.021944451	0.045122787	0.027969533	0.029157281	0.014680043	0.02179287	0.024518253	0.096054699	0.029157281	0.019777447	0.05041511	0.014477938	0.006215129	0.007442484	0.006003419	0.004100456	0.003721242	0.013415085	0.06515411	0.012516717	0.01845301	0.01175974	0.012006837	0.006172198	8.28E-05	0.013888167	0.001619765	0.010821168
"hsa-let-7g-5p"	0.26425451	0.190782401	0.190782401	0.170755032	0.281264621	0.163799175	0.196146024	0.183010712	0.231647015	0.25	0.732042848	0.266092546	0.277392368	0.225312616	0.091505356	0.106579361	0.087777805	0.115023456	0.05041511	0.032128557	0.314253344	0.784584098	0.059128603	0.231647015	0.042393885	0.161544104	0.055168937	0.078020659	0.08478777	0.028557233	0.176776695
"hsa-let-7i-3p"	0.000208644	0.000332736	5.90E-05	0.000752163	5.72E-05	4.34E-05	0.000100304	0.001114027	7.07E-05	0.000218512	0.000347669	0.000132046	0.000498541	0.000163699	0.000190226	0.002031367	0.00023637	0.000378697	0.000205297	0.000350897	0.000518513	0.001557376	3.91E-05	0.001309592	0.000198763	0.000832651	5.69E-05	0.000250425	0.001752139	0.000175043	0.000636891
"hsa-let-7i-5p"	0.25348987	0.132127255	0.10881882	0.117440344	0.164938489	0.13030822	0.100133735	0.149684838	0.135841858	0.183010712	0.517632462	0.291183397	0.5	0.213158723	0.116629124	0.105843164	0.081333866	0.124136562	0.072795849	0.096722812	0.180491149	0.271683716	0.105112052	0.149684838	0.076946526	0.141610486	0.076415017	0.11907975	0.094732285	0.045122787	0.145591698
"hsa-miR-1"	6.03E-05	8.94E-05	0.000246977	0.000882163	0.003586188	0.00119813	0.000312613	4.72E-05	7.07E-05	0.000771525	0.001210652	0.000132046	0.000498541	0.000163699	5.09E-05	0.000185881	0.00160116	2.85E-05	0.000760903	0.000706674	0.000275945	0.001355775	0.000967579	0.000130229	0.001801399	0.000186311	0.000194223	0.000802432	8.24E-05	0.001129578	0.000650273
"hsa-miR-101-3p"	0.11907975	0.087777805	0.091505356	0.10438599	0.05041511	0.03742121	0.102948877	0.132127255	0.080772052	0.192109398	0.162667732	0.257028457	0.453759578	0.233258248	0.03018551	0.064704058	0.019236631	0.049377582	0.007089993	0.013139006	0.194791145	0.210224104	0.015625	0.035648866	0.027776334	0.052921582	0.017337023	1.33E-06	0.032577055	0.01332242	0.167240944
"hsa-miR-103a-3p"	0.570381858	0.216134308	0.26061644	0.269807059	0.615572207	1.292352831	0.281264621	0.314253344	0.205897754	0.400534939	9.79E-05	0.47963206	0.289172046	0.582366793	0.188155843	0.102237757	0.132127255	0.044194174	0.064704058	0.08478777	0.175555609	0.141610486	0.147624083	0.186856156	0.041234622	0.078563336	0.044194174	0.079109787	0.128514228	0.066523136	0.234880687
"hsa-miR-106a-5p"	0.429282718	0.312082637	0.266092546	0.271683716	0.309926925	0.25	0.179244406	0.460093825	0.279321785	1.079228237	1.693490625	1.8276629	1.385109468	0.846745312	0.179244406	0.503477775	0.376311687	0.301451957	0.248273124	0.332171454	0.795536484	0.773782497	0.336808394	0.726986259	0.489710149	0.371130893	0.267943366	0.266092546	0.371130893	0.196146024	0.52850902
"hsa-miR-106b-3p"	0.007255714	8.94E-05	0.000246977	0.000150634	0.001250453	0.001718065	0.000100304	0.000969817	7.07E-05	0.002438146	0.022097087	0.000132046	0.003670011	0.00485381	0.001899717	0.002192309	0.00133711	0.000716539	0.003129179	0.006101304	0.005001812	4.18E-05	0.001895332	0.003480073	0.005274804	0.005719085	0.003544997	0.00231731	0.002749402	0.00182233	0.001646175
"hsa-miR-106b-5p"	0.037768658	0.056198158	0.041713745	0.042198436	0.036820848	0.051653145	0.042886478	0.036397925	0.016138683	0.13030822	0.343885455	0.158585562	0.214641359	0.209254903	0.008144264	0.049263627	0.018241059	0.010332501	0.013048249	0.02509134	0.136471033	0.125289145	0.01558894	0.048138444	0.014612363	0.027393929	0.019370433	0.035320918	0.075015542	0.017948412	0.152125439
"hsa-miR-107"	0.066063628	0.070805243	0.06886907	0.085971364	0.152830035	0.09944206	0.088388348	0.105843164	0.072293011	0.074842419	0.384218795	0.127626516	0.079660039	0.086569342	0.055939067	0.037162722	0.025737219	0.027204705	0.016176014	0.027204705	0.04358574	0.046391362	0.040107059	0.032577055	0.022405551	0.020193013	0.012006837	0.021196943	0.030819772	0.015953314	0.073812041
"hsa-miR-10a-5p"	0.000716539	0.000555728	0.001476776	0.001568209	0.000180798	0.000521516	0.000100304	0.000976563	0.000398445	0.000218512	0.000347669	3.67E-05	0.000498541	0.001205071	5.09E-05	0.000133272	0.000175448	0.000246407	0.000326642	0.000432004	0.001096154	0.001669155	0.000177077	0.000269642	4.93E-05	0.000488281	0.000402144	0.000270266	0.000136703	0.000211069	0.000264093
"hsa-miR-10b-5p"	0.028164077	0.057911754	0.040949794	0.057511728	0.020617311	0.005154328	0.037681495	0.03901033	0.04358574	0.0238478	0.014680043	0.007089993	0.058314562	0.015303442	0.027969533	0.000997082	0.001145347	0.002595089	0.000446207	0.000898621	0.009685216	0.029977004	0.001039424	0.003799433	0.001724029	0.002541683	0.001202289	0.00364466	0.000530632	0.00053804	0.00144973
"hsa-miR-122-5p"	0.210224104	0.266092546	1.01395948	1.414213562	0.065607293	0.150725978	0.946057647	0.102948877	0.05440941	0.151774361	0.038473263	3.67E-05	1.705269784	0.105112052	7.621103984	0.004910208	0.096722812	0.006848482	0.013230396	0.003496192	1.205807828	1.035264924	0.08478777	1.905275996	0.02683017	0.043888902	0.039554894	0.056719947	0.078020659	0.00289946	0.051118879
"hsa-miR-125a-5p"	0.068393356	0.041234622	0.028755864	0.050765775	0.053289681	0.032352029	0.03983002	0.038207509	0.050066867	0.089003137	0.066523136	0.032803646	0.073302184	0.067451765	0.02683017	0.01175974	0.01674646	0.005083367	0.010308656	0.019236631	0.04972103	0.03742121	0.016515907	0.064704058	0.066523136	0.019777447	0.011125392	0.020474897	0.029360086	0.01159784	0.014884969
"hsa-miR-125b-5p"	0.016288528	0.05440941	0.038207509	0.0476956	0.022876339	0.03983002	0.045752678	0.035896824	0.036906021	0.030395467	0.017701311	0.013792234	0.03901033	0.009226505	0.072293011	0.006003419	0.01551707	0.007188966	0.004186615	0.003107564	0.034434535	0.090873282	0.013139006	0.054787858	0.01457864	0.016515907	0.007651721	0.009752582	0.008431471	0.00579892	0.010096506
"hsa-miR-126-3p"	0.870550563	0.870550563	0.558643569	0.493116352	0.683020128	0.469761375	0.61985385	0.615572207	1.057018041	0.790041312	0.020905118	0.659753955	0.742261785	0.773782497	0.090245575	0.297301779	0.108067154	0.041810236	0.145591698	0.244855074	0.535886731	0.40332088	0.092141826	0.341510064	0.088388348	0.277392368	0.13490353	0.036397925	0.117440344	0.151774361	0.271683716
"hsa-miR-127-3p"	0.0066305	8.94E-05	0.003611131	0.001930691	0.008013603	0.003161884	0.000819293	0.003448059	0.005627331	0.00596195	0.027969533	0.001864925	0.006301889	0.011151127	5.09E-05	0.00779447	0.005274804	0.001971259	0.016288528	0.011151127	6.85E-05	0.002846359	0.005287006	0.001078568	0.004225487	0.017098339	0.013230396	0.0058663	0.000806149	0.003400588	0.001801399
"hsa-miR-128"	0.03983002	0.071793647	0.068393356	0.03794359	0.024013675	0.035648866	0.06515411	0.042393885	0.03103414	0.040107059	0.003670011	0.048361406	0.081899588	0.044194174	0.030606884	0.032577055	0.024348893	0.041234622	0.027969533	0.03983002	0.042393885	0.066523136	0.030819772	0.051832472	0.028557233	0.036906021	0.033031814	0.029157281	0.040949794	0.025033434	0.032577055
"hsa-miR-130a-3p"	0.052313726	0.038119332	0.036820848	0.040199833	0.033415625	0.041091961	0.028889052	0.042393885	0.043787615	0.025916236	0.06515411	0.031322286	0.044194174	0.010049958	0.015953314	0.082851215	0.037248686	0.024236637	0.035158078	0.049149935	0.074153915	0.073471744	0.029292328	0.048810432	0.026892232	0.109575715	0.051474439	0.021893807	0.028425575	0.029157281	0.033338508
"hsa-miR-130b-3p"	0.012202608	0.010946904	0.006692063	0.010846199	0.00673861	0.005859527	0.00673861	0.016515907	0.004294383	0.003960779	0.009685216	0.005385639	0.016980232	0.00151479	0.002290693	0.008296202	0.004435564	0.008568945	0.00537321	0.009183968	0.012662154	0.012988092	0.003611131	0.010476737	0.003969941	0.008088007	0.006754197	0.006509068	0.004404925	0.003330605	0.00553705
"hsa-miR-132-3p"	0.012809281	0.033415625	0.017058879	0.027079283	0.008470522	0.007625248	0.003277171	0.024688791	0.013665354	0.015409886	0.012958118	0.008809851	0.021492841	0.005311494	0.013508394	0.00279423	0.004374498	0.006404641	0.003472042	0.004820282	0.014850617	0.019147944	0.002699049	0.008994965	0.003808222	0.004245058	0.004549741	0.002974095	0.003969941	0.002137292	0.002787782
"hsa-miR-133a"	0.00205497	0.000954258	0.001436393	0.009247848	0.003232053	0.002568248	0.001528854	0.001597465	0.000928164	0.002212664	0.002879432	0.000945479	0.003594483	0.004225487	5.09E-05	0.000555728	0.003432162	0.000251585	0.004364403	0.00485381	0.000207682	0.003050652	0.002003401	0.000397525	0.002565282	0.000223103	0.0008269	0.001560979	0.00048603	0.004157696	0.000888299
"hsa-miR-133b"	0.00097206	8.94E-05	0.00779447	0.005575563	0.003036588	0.000325512	3.49E-05	4.72E-05	7.07E-05	0.004274585	0.004549741	0.000926022	0.007442484	0.005202185	0.000705044	0.000728222	0.002295992	0.000171838	0.003307599	0.004528765	0.000693732	0.001984971	0.001446384	0.00045035	0.000894478	0.000635421	0.000821188	0.001207858	0.000360762	0.00319493	0.000926022
"hsa-miR-136-5p"	6.03E-05	8.94E-05	0.001426472	0.003528653	0.000674762	4.34E-05	0.001015684	4.72E-05	7.07E-05	5.87E-05	0.00261314	3.67E-05	0.000498541	0.001623512	5.09E-05	0.007222263	0.000919625	0.000524537	0.00232267	0.004887571	0.00083073	0.002565282	0.001250453	0.000348473	0.001355775	0.003353771	0.002820174	0.001111456	0.000225175	0.000605326	0.002787782
"hsa-miR-139-5p"	0.009957505	0.027393929	0.012516717	0.022876339	0.019777447	0.028955877	0.008728806	0.016980232	0.028557233	0.010821168	0.016630784	0.014278616	0.038207509	0.015409886	0.004910208	0.025382887	0.02005353	0.014477938	0.066523136	0.033261568	0.03018551	0.021344379	0.020333466	0.05366034	0.015303442	0.01332242	0.015625	0.006258358	0.008257953	0.024013675	0.01674646
"hsa-miR-140-3p"	0.147965561	0.234338624	0.176368726	0.134281581	0.036566508	0.124567533	0.090037304	0.234880687	0.154605834	0.289172046	0.378929142	0.180908655	0.441351498	0.255843473	0.037162722	0.04113946	0.027840585	0.078745066	0.022561394	0.030255334	0.097846677	0.297989486	0.021001944	0.066677015	0.030046345	0.052556026	0.027776334	0.036566508	0.057246581	0.028755864	0.098983601
"hsa-miR-140-5p"	0.011228689	0.004602606	0.009730075	0.005653395	0.009865902	0.00857885	0.008588767	0.018581361	0.0058663	0.024348893	0.024013675	0.005732314	0.01159784	0.010190251	0.000190226	0.002059724	0.001132191	0.000314061	0.001185737	0.001579117	0.006419456	0.011951482	0.001119187	0.003114753	0.000716539	0.001784827	0.001381068	0.001406833	0.004820282	0.001352646	0.004560265
"hsa-miR-141-3p"	0.000919625	0.000332736	5.90E-05	0.0015901	0.0010017	0.001580942	0.000100304	0.002050228	0.000629575	0.002093308	0.006615198	0.000394779	0.009162773	0.006360401	5.09E-05	0.000297807	0.000200145	0.000293029	6.68E-05	2.89E-05	0.001962171	0.004466416	1.90E-06	0.000117369	1.30E-05	0.000324386	2.57E-06	5.02E-05	0.000185452	2.75E-05	0.000161445
"hsa-miR-142-3p"	0.05041511	0.080214119	0.066985841	0.061213769	0.117440344	0.080214119	0.127626516	0.073812041	0.080772052	0.149684838	0.131214585	0.021344379	0.142595464	0.211686328	0.01845301	0.059954007	0.032128557	0.01175974	0.002919627	0.00579892	0.092141826	0.773782497	0.033492921	0.022250784	0.012603777	0.028164077	0.014988502	0.004215735	0.056719947	0.012958118	0.142595464
"hsa-miR-142-5p"	0.015023173	0.005511523	0.005178201	0.009312171	0.012230835	0.011638105	0.007374018	0.005299236	0.003100393	0.011438169	0.012090352	0.009442165	0.011048543	0.009640564	0.000695337	0.021592389	0.006229505	0.002172141	0.00666121	0.011624668	0.021742576	0.050883204	0.00532378	0.01092164	0.008392599	0.011048543	0.007188966	0.006554342	0.017497994	0.00837323	0.025441602
"hsa-miR-143-3p"	0.004809158	0.008088007	0.00401607	0.002980975	0.002960384	0.001004017	0.008490116	0.004978752	0.004549741	0.008032139	0.006172198	0.011202775	0.014477938	0.006258358	0.004978752	0.009355302	0.002036066	0.001712121	0.005562696	0.003773189	0.00579892	0.037162722	0.004157696	0.00191293	0.003107564	0.005190179	0.001873563	0.000956465	0.018971795	0.003129179	0.013984767
"hsa-miR-144-3p"	0.121581868	0.115023456	0.119908015	0.120742041	0.0476956	0.070316155	0.140632311	0.090873282	0.223756268	0.138696184	0.000280444	0.007041019	0.336808394	0.236514412	0.01159784	0.040949794	0.028557233	0.038473263	0.000388446	0.001724029	0.079660039	0.293208737	0.024013675	0.020617311	0.011280697	0.010166733	0.002980975	0.02683017	0.0625	0.002212664	0.423372656
"hsa-miR-144-5p"	0.018367936	8.94E-05	0.03581398	0.03154015	0.007476956	0.006777646	0.00883023	0.019505165	0.009398633	0.026460791	0.042393885	0.009247848	0.04358574	0.004786986	0.000190226	0.001058815	0.000663937	0.000619475	0.000580668	0.001213452	0.009934525	0.005385639	0.000460876	0.003704086	0.00100634	0.001847769	0.000309023	0.00239903	0.001309592	0.000226218	0.00950784
"hsa-miR-145-5p"	0.026096497	0.047038961	0.039554894	0.029769937	0.02683017	4.34E-05	0.035158078	0.031906629	0.023035457	0.048361406	0.061639544	0.020193013	0.043284671	0.042985682	0.032577055	0.075362989	0.050066867	0.007758535	0.052921582	0.028955877	0.041521432	0.063813258	0.062068281	1.26E-05	6.02E-05	0.026460791	0.016630784	7.79E-06	0.126744935	0.033031814	0.061213769
"hsa-miR-146a-5p"	0.343885455	0.210224104	0.162667732	0.21915143	0.216134308	0.168404197	0.142595464	0.169575541	0.154963462	0.248273124	0.231647015	0.211686328	0.230046913	0.205897754	0.174342958	0.543367431	0.244855074	0.683020128	0.400534939	0.386891248	0.320856474	0.514056913	0.217637641	0.429282718	0.400534939	0.476318999	0.291183397	0.299369676	0.115823508	0.285190929	0.231647015
"hsa-miR-146b-5p"	0.003528653	0.006832677	0.005511523	0.004374498	0.003790665	0.004172131	0.003254534	0.005083367	0.007272498	0.008608634	0.006944083	0.00338491	0.003773189	0.005059931	0.002022002	0.003536815	0.001221893	0.002495135	0.001736021	0.002217782	0.011979128	0.00905753	0.000769744	0.008871128	0.001716081	0.001994164	0.002008035	0.001476776	0.001034632	0.001712121	0.004254878
"hsa-miR-148a-3p"	0.037162722	0.031467361	0.051118879	0.06515411	0.040107059	0.032128557	0.071297732	0.025207555	0.019505165	0.030395467	0.014782151	0.03018551	0.085971364	0.037162722	0.142595464	0.075362989	0.016176014	0.050765775	0.021344379	0.024860515	0.127626516	0.119908015	0.019640834	0.071297732	0.021050525	0.046714039	0.03103414	0.004044004	0.044501569	0.018198962	0.060790934
"hsa-miR-148b-3p"	0.034196678	0.031686234	0.036906021	0.022718321	0.040949794	0.037162722	0.028955877	0.038473263	0.041234622	0.042688758	0.084202099	0.014884969	0.105112052	0.048697786	0.017579039	0.048697786	0.02351948	0.057511728	0.024860515	0.035402621	0.061639544	0.098073012	0.022718321	0.036146506	0.025207555	0.05366034	0.03983002	0.004842608	0.0238478	0.032803646	0.048697786
"hsa-miR-150-5p"	0.26061644	0.327598351	0.180491149	0.2381595	0.207329886	0.316439148	0.266092546	0.216134308	0.305660069	0.299369676	0.77916458	0.353553391	0.325335464	0.068393356	0.143587294	0.611320139	0.607097442	0.650670928	0.022405551	0.014988502	1.433955248	1.505246747	0.590496331	1.986184991	0.291183397	0.574349177	0.151774361	0.368567304	0.068393356	0.607097442	0.692554734
"hsa-miR-151a-3p"	0.026706474	0.005142432	0.009596118	0.008163103	0.011176921	0.018775563	0.011571075	0.020617311	0.010500972	0.024348893	0.022097087	0.008688563	0.022405551	0.025265864	0.003799433	0.032277366	0.021393752	0.012898377	0.018198962	0.027267634	0.021148024	0.03883048	0.014444526	0.020239723	0.035484513	0.042985682	0.028557233	0.019325729	0.011705524	0.013230396	0.016785198
"hsa-miR-151a-5p"	0.174342958	0.105112052	0.072795849	0.078020659	0.217637641	0.125869444	0.096054699	0.116629124	0.140632311	0.193445624	0.197510328	0.167240944	0.166085727	0.217637641	0.076415017	0.127626516	0.126744935	0.064257114	0.159320078	0.125869444	0.125	0.332171454	0.117440344	0.185565446	0.070316155	0.179244406	0.126744935	0.074325445	0.071297732	0.087171479	0.10881882
"hsa-miR-152"	0.01457864	0.022718321	0.03125	0.029977004	0.022250784	0.036397925	0.024688791	0.016862941	0.005118724	0.020760716	0.008668512	0.04358574	0.040386026	0.029564301	0.015409886	0.035896824	0.022718321	0.038207509	0.027969533	0.01845301	0.052921582	0.036651092	0.019505165	0.031906629	0.022250784	0.034674046	0.040386026	0.025207555	0.014988502	0.017948412	0.016515907
"hsa-miR-154-5p"	0.008392599	0.000332736	0.002774929	5.08E-05	0.00673861	4.34E-05	0.001539488	0.002212664	7.07E-05	0.008200912	0.004742949	3.67E-05	0.000115595	0.004138528	0.001847769	0.008181985	0.008050719	0.005893471	0.018198962	0.012898377	0.001456445	0.001355775	0.004476748	0.002248741	0.002026679	0.014680043	0.02351948	0.004699317	0.001264983	0.003496192	0.003071871
"hsa-miR-155-5p"	0.009775142	0.01064756	0.003165539	0.001984971	0.0025891	0.005582008	0.004062734	0.008850655	0.016477791	0.00364466	0.010380358	0.002866157	0.007494251	0.002127439	0.001490488	0.001571836	0.000441082	0.003050652	0.000719858	0.000952056	0.01214635	0.027079283	0.000819293	0.017377126	0.001155981	0.003721242	0.000653285	0.000884204	0.000870018	0.001553782	0.002172141
"hsa-miR-15a-5p"	2.626849112	2.881193724	2.861291865	2.046747784	0.614151575	1.342572503	1.271619166	2.143546925	3.379164695	1.265756594	2.37841423	0.922316194	3.458148925	1.487957514	0.986232704	0.516437858	0.393199484	1.295342252	0.255253031	0.306367111	1.334839854	2.996614154	0.271056718	0.764894847	0.395934403	0.683020128	0.360982299	0.644685154	0.995389679	0.184283652	1.112136086
"hsa-miR-15b-3p"	0.045858511	0.040292822	0.02000725	0.026521999	0.006464106	0.01589812	0.013952492	0.0238478	0.01753847	0.019505165	0.006129563	0.022457378	0.066523136	0.01713789	0.006707542	0.00774063	0.003553197	0.014311645	0.003022588	0.003528653	0.021001944	0.016439763	0.00266189	0.00905753	0.002280132	0.004581387	0.003377099	0.002912889	0.004591984	0.003150944	0.011306791
"hsa-miR-15b-5p"	0.069028375	0.081146162	0.061497291	0.044296402	0.028099079	0.027299153	0.052434736	0.0476956	0.000250425	0.064704058	0.059954007	0.017989929	0.10153155	0.033803896	0.019103754	0.080585644	0.03964639	0.041617477	0.034196678	0.046177483	0.115556208	0.224273852	0.028294524	0.046498672	0.050531728	0.074325445	0.057911754	0.066369613	0.05568117	0.033492921	0.150031083
"hsa-miR-16-2-3p"	0.009442165	0.012838911	0.014953911	0.017989929	0.004235261	0.010344445	0.013018136	0.02664484	0.029292328	0.015092755	0.028557233	0.008628547	0.014884969	0.012898377	0.001809742	0.003464029	0.001108891	0.006816908	0.000626673	0.000926022	0.008708661	0.002426905	0.000684181	0.003861383	0.001930691	0.001994164	0.001469968	0.003078977	0.002477899	0.001068646	0.004025359
"hsa-miR-16-5p"	46.85074227	42.51794605	32.89964245	38.8542363	17.50869922	35.50622311	22.31589866	49.8665331	39.39662123	48.84029469	9.79E-05	0.000247549	106.1529019	44.32350298	6.868523492	5.098242509	6.062866266	10.70342044	1.658639092	1.729074463	13.45434264	22.00866909	6.02098699	9.646462622	4.055837919	6.634556367	3.434261746	6.588728138	7.889861636	2.694467154	10.12605275
"hsa-miR-17-5p"	0.006896117	0.002243551	0.003307599	0.001244688	0.005839255	0.000226218	0.00567958	0.001032244	0.001797242	0.008974206	0.024518253	0.004876291	0.022718321	0.007238969	0.001025114	0.007651721	0.002421304	0.003569654	0.003086099	0.002668047	0.007188966	0.006848482	0.004100456	0.006045176	0.003594483	0.003670011	0.002919627	0.001253346	0.004072132	0.002036066	0.007238969
"hsa-miR-181a-5p"	0.090873282	0.03103414	0.022718321	0.034434535	0.052556026	0.049377582	0.044811102	0.051118879	0.040949794	0.041521432	0.125869444	0.06515411	0.059954007	0.072795849	0.058314562	0.087777805	0.267943366	0.095391201	0.090873282	0.085971364	0.112656308	0.716977624	0.291183397	0.156041319	0.158219574	0.25	0.10153155	0.038207509	0.20877198	0.009618316	0.173138684
"hsa-miR-182-5p"	0.000208644	0.002607109	0.00083073	0.001957643	0.000337381	4.34E-05	0.001267909	4.72E-05	7.07E-05	0.000324386	0.000347669	0.000132046	0.000115595	3.77E-05	5.09E-05	2.58E-05	2.26E-06	2.85E-05	3.97E-05	6.38E-05	0.000354155	4.18E-05	1.90E-06	0.000123204	1.30E-05	4.93E-06	2.57E-06	7.39E-05	5.59E-05	1.04E-05	0.000295068
"hsa-miR-185-5p"	0.074842419	0.058314562	0.043888902	0.054033577	0.01286861	0.056719947	0.038207509	0.076415017	0.051474439	0.160428237	0.466516496	0.22221067	0.414659773	0.146604369	0.03901033	0.131214585	2.26E-06	0.275476279	0.035896824	0.041234622	0.113439894	0.176776695	0.139660892	0.109575715	0.017098339	0.065607293	0.058314562	6.73E-05	0.146604369	0.034915223	0.178006274
"hsa-miR-186-5p"	0.181746565	0.164938489	0.106579361	0.108067154	0.080214119	0.197510328	0.088388348	0.198884121	0.064704058	0.267943366	0.602903914	0.228457863	0.768437591	0.285190929	0.115823508	0.20166044	0.196146024	0.181746565	0.050066867	0.090245575	0.312082637	0.590496331	0.183010712	0.211686328	0.111105335	0.312082637	0.157126672	0.196146024	0.307786103	0.156041319	0.266092546
"hsa-miR-18a-3p"	0.000208644	0.000332736	0.000246977	0.001403586	0.000406817	0.000168496	0.00029575	0.004910208	0.000415365	0.004364403	0.005758864	0.003338309	0.002243551	0.00045035	0.000609536	0.001216259	0.000752163	0.002264382	0.001262063	0.001612297	0.002755761	0.003456034	0.000559593	0.003577911	0.001634804	0.001061265	0.001532391	0.001267909	0.001957643	0.001371528	0.001917355
"hsa-miR-18a-5p"	0.021393752	0.010428436	0.013665354	0.005614345	0.029292328	0.013936383	0.008648506	0.01074642	0.016027205	0.054787858	0.072293011	0.029428001	0.0625	0.040761002	0.004186615	0.028889052	0.007616444	0.001680765	0.009485898	0.01941524	0.032501873	0.02184328	0.008181985	0.026706474	0.006059159	0.010821168	0.0078125	0.005178201	0.015232888	0.007976657	0.025796754
"hsa-miR-18b-5p"	0.02683017	0.012090352	0.011517728	0.00579892	0.031467361	0.01457864	0.010380358	0.019103754	0.004876291	0.049036506	0.047038961	0.030395467	0.094077922	0.052556026	0.001543049	0.032577055	0.01573368	0.004157696	0.013415085	0.014884969	0.046391362	0.02664484	0.006569503	0.035158078	0.002008035	0.013602353	0.009355302	0.010896435	0.018581361	0.014082038	0.03794359
"hsa-miR-190a"	6.03E-05	0.000332736	5.90E-05	0.000150634	0.000238564	4.34E-05	0.000100304	4.72E-05	7.07E-05	0.001032244	0.000347669	0.000132046	0.000115595	0.000163699	5.09E-05	8.74E-06	2.26E-06	2.85E-05	1.36E-06	2.60E-06	6.85E-05	4.18E-05	1.90E-06	1.26E-05	1.30E-05	4.93E-06	2.57E-06	8.20E-05	3.23E-05	1.91E-06	0.000659351
"hsa-miR-191-5p"	0.185565446	0.061639544	0.051832472	0.085971364	0.203063099	0.075362989	0.08478777	0.098073012	0.057911754	0.160428237	0.000963118	0.000247549	0.077481731	0.192109398	0.133971683	0.243163737	0.149684838	0.033725882	0.118257206	0.169575541	0.168404197	0.188155843	0.158219574	0.248273124	0.136786713	0.111105335	0.064704058	0.115823508	0.190782401	0.080214119	0.25348987
"hsa-miR-192-5p"	0.012090352	0.037162722	0.04972103	0.071297732	0.013696964	0.025737219	0.029769937	0.03103414	0.023683071	0.01573368	0.038207509	0.042393885	0.081899588	0.025916236	0.079109787	0.00439476	0.004710187	0.003150944	0.000930311	0.001061265	0.064257114	0.021492841	0.004364403	0.041234622	0.001665303	0.001619765	0.000949858	0.003988329	0.00579892	0.003307599	0.01074642
"hsa-miR-193b-3p"	0.003915286	0.005825779	0.011254663	0.005614345	0.001096154	0.000168496	0.00536081	0.00044931	0.002736726	5.87E-05	9.79E-05	0.002217782	0.000115595	0.002749402	0.004364403	0.000522119	7.58E-05	0.000778688	6.87E-05	8.96E-05	0.016592403	0.089829514	0.000199222	0.010476737	0.000677887	0.000326642	8.81E-05	0.000665472	0.001291563	0.00158643	0.001612297
"hsa-miR-194-5p"	0.012202608	0.029907822	0.038119332	0.034754253	0.005473452	0.014833471	0.030962519	0.012958118	0.004539241	0.008315392	0.013696964	0.004466416	0.034674046	0.008050719	0.028359974	0.002518301	0.000817402	0.002460783	0.000377823	0.000316246	0.027330708	0.011705524	0.000708309	0.013169399	0.000999389	0.004072132	0.001137435	0.003346031	0.005732314	0.000930311	0.00950784
"hsa-miR-195-5p"	0.003377099	0.003172861	0.000226218	0.003721242	0.000209611	0.007921558	0.001244688	0.000601145	0.006003419	0.000280444	0.000465155	0.003721242	0.016401823	0.000165601	0.000258061	0.007758535	0.000380451	0.001025114	0.000465155	0.000930311	0.003086099	0.005190179	0.000653285	0.006479059	6.02E-05	0.001106332	0.000850147	0.000766195	0.000681027	0.000990195	0.000923884
"hsa-miR-197-3p"	0.006569503	0.01573368	0.036397925	0.041521432	0.018073253	0.027016788	0.017098339	0.027584469	0.008032139	0.031686234	0.035648866	0.006215129	0.006944083	0.024348893	0.037681495	0.033725882	0.074325445	0.009290681	0.032128557	0.031906629	0.051118879	0.048697786	0.062068281	0.083042863	0.049377582	0.030606884	0.052192995	0.023683071	0.07588718	0.021492841	0.050765775
"hsa-miR-199a-3p"	0.061639544	0.025033434	0.032128557	0.033031814	0.106579361	0.048697786	0.050066867	0.046714039	0.041234622	0.034674046	0.046391362	3.67E-05	0.057114466	0.089003137	0.03103414	0.10083022	0.044501569	0.038207509	0.088388348	0.071297732	0.056328154	0.057511728	0.040386026	0.0625	0.035896824	0.102948877	0.088388348	0.063372467	0.045752678	0.069830446	0.072293011
"hsa-miR-199a-5p"	0.008994965	8.94E-05	0.003346031	0.006769821	0.013291674	0.005941323	0.003416339	0.004549741	0.002285407	0.005758864	0.000347669	0.0066305	0.011280697	0.002886093	0.00579892	0.104145085	0.016439763	0.013353237	0.022718321	0.038562258	0.021893807	0.020099917	0.014850617	0.01941524	0.043085115	0.046391362	0.042688758	0.027712231	0.038562258	0.032577055	0.038295889
"hsa-miR-19a-3p"	0.318640157	0.438302861	0.248273124	0.329876978	0.145591698	0.262429171	0.303548721	0.426317446	0.368567304	0.687770909	0.408951029	0.277392368	1.905275996	0.757858283	0.033031814	0.144586023	0.042688758	0.041521432	0.020193013	0.047366143	0.211686328	0.285190929	0.041234622	0.067451765	0.039281668	0.061639544	0.03742121	0.067451765	0.076946526	0.036651092	0.269807059
"hsa-miR-19b-3p"	0.952637998	1.064370182	0.840896415	0.959264119	0.489710149	1.132883885	0.683020128	1.337927555	0.852634892	2.099433367	2.143546925	2.584705661	4.407620464	2.250116969	0.144586023	0.386891248	0.146604369	0.135841858	0.073812041	0.158219574	0.646176415	0.602903914	0.154963462	0.236514412	0.164938489	0.186856156	0.109575715	0.251738888	0.287174589	0.128514228	0.582366793
"hsa-miR-200a-3p"	0.000212537	8.94E-05	0.000226218	0.000194223	7.41E-05	0.007704943	3.49E-05	4.72E-05	0.000313336	0.002421304	9.79E-05	3.67E-05	0.000498541	3.77E-05	5.09E-05	6.06E-05	2.26E-06	7.87E-06	1.36E-06	2.60E-06	0.002919627	0.000304768	0.000107752	1.26E-05	1.30E-05	9.19E-05	1.37E-05	5.62E-05	0.000176261	3.43E-05	0.000117912
"hsa-miR-200c-3p"	0.002360541	0.005907104	0.002432519	0.003338309	0.000238564	0.001880067	0.001349524	0.00393342	7.07E-05	0.002524127	0.007238969	0.003781917	0.000115595	0.03803136	0.002686605	0.001416618	0.000668555	0.000205772	0.000832651	0.000741808	0.008412012	0.01901568	0.00061236	0.003050652	0.003338309	0.001419895	0.000560888	0.001321751	0.00183925	0.000639841	0.000958678
"hsa-miR-204-5p"	0.003307599	0.005299236	5.90E-05	0.002879432	1.49E-05	4.34E-05	0.005448217	0.008144264	0.006345722	0.003217152	9.79E-05	3.67E-05	0.000115595	3.77E-05	5.09E-05	0.000474929	0.000104805	7.87E-06	0.000220032	0.000156668	2.02E-05	4.18E-05	0.000345267	1.26E-05	1.30E-05	9.45E-05	0.000177487	0.000237465	0.000158855	0.000127254	1.85E-06
"hsa-miR-205-5p"	0.000945479	0.003143673	0.00279423	0.004344282	0.000312613	0.002029022	0.001126971	0.00352051	0.007903277	0.006569503	0.00044931	0.002443785	0.002820174	0.03154015	0.00227487	1.33E-05	3.90E-05	0.000170651	4.66E-06	1.04E-05	0.000227266	0.001116604	0.000168691	4.21E-05	0.00029712	1.67E-05	2.58E-05	1.33E-06	0.000277223	1.84E-05	0.000198763
"hsa-miR-208a"	0.000208644	8.94E-05	5.90E-05	5.08E-05	1.49E-05	0.000168496	3.49E-05	4.72E-05	7.07E-05	0.000218512	0.000347669	0.000132046	0.003129179	0.000163699	5.09E-05	3.75E-06	7.75E-06	2.85E-05	4.66E-06	2.60E-06	6.85E-05	4.18E-05	1.90E-06	4.21E-05	7.38E-05	4.93E-06	8.89E-06	4.72E-06	6.08E-05	1.91E-06	1.85E-06
"hsa-miR-20a-3p"	6.03E-05	8.94E-05	0.001604864	5.08E-05	0.000595615	0.000615907	0.001377881	0.001114027	7.07E-05	5.87E-05	9.79E-05	0.000817402	0.002290693	3.77E-05	5.09E-05	8.26E-05	2.26E-06	7.87E-06	6.15E-05	1.04E-05	0.000299879	0.000999389	1.90E-06	1.26E-05	1.30E-05	0.000132658	4.32E-05	1.33E-06	4.73E-05	5.00E-07	0.00026593
"hsa-miR-20a-5p"	0.624165274	0.590496331	0.358488812	0.395020656	0.429282718	0.358488812	0.307786103	0.858565436	0.539614118	1.670175839	2.732080514	2.128740365	3.182145935	1.515716567	0.327598351	0.712025098	0.50697974	0.543367431	0.343885455	0.334481889	1.464085696	1.310393404	0.453759578	1.064370182	0.241484082	0.637280314	0.360982299	0.356012549	0.624165274	0.269807059	0.882702996
"hsa-miR-20b-5p"	0.000208644	0.000332736	0.000246977	0.000150634	0.000301965	0.000227003	0.000100304	0.0005055	0.000250425	0.006615198	0.01135916	0.005095125	0.001653799	0.001365205	0.000639841	0.000599757	0.000181635	0.001140066	0.000135445	0.000226741	0.002892769	0.008334627	0.000128733	0.002477899	0.000590135	0.000151332	0.000491678	0.000404007	0.000663937	9.78E-05	0.002328043
"hsa-miR-21-5p"	0.540862333	0.862542032	1.069299999	0.878633452	0.367716716	0.724471077	0.782773416	0.590496331	0.593231317	0.737134609	0.702222438	0.319377223	1.248330549	0.764894847	0.20166044	0.649169294	0.2523212	1.03049202	0.100133735	0.188591078	3.286761258	6.513050141	0.17036096	0.860551437	0.278034021	0.702222438	0.473028823	0.302848184	0.160799334	0.213158723	0.49769484
"hsa-miR-210"	0.029022857	0.016592403	0.03205441	0.020953475	0.008588767	0.00875911	0.01790699	0.030606884	0.029907822	0.015092755	0.027584469	0.015127667	0.034434535	0.007057306	0.004245058	0.003078977	0.001917355	0.004560265	0.001480192	0.006101304	0.008648506	0.023902964	0.001191229	0.008871128	0.00097206	0.004876291	0.001953125	0.00239903	0.006186475	0.001642376	0.005202185
"hsa-miR-2110"	0.006539216	0.009797753	0.0025891	0.00475392	0.003488123	0.008638521	0.004666856	0.004742949	0.002852943	0.002506691	0.01845301	0.009911598	0.025382887	0.006360401	0.004677651	0.00266189	0.00183925	0.002529965	0.00227487	0.002926381	0.006832677	0.005575563	0.001073596	0.003553197	0.007939882	0.00522628	0.002212664	0.002953552	0.002233208	0.000657829	0.003969941
"hsa-miR-215"	0.011841536	0.029769937	0.038473263	0.027776334	0.003217152	0.014884969	0.020905118	0.017337023	0.01067219	0.031467361	0.019640834	0.018073253	0.059539875	0.01991501	0.018710605	0.00319493	0.002859542	0.001886594	0.000443125	0.000719858	0.048027349	0.020193013	0.002919627	0.025033434	6.02E-05	0.001642376	0.001400347	0.001653799	0.003799433	0.001772498	0.007598867
"hsa-miR-22-3p"	0.271683716	0.339151082	5.90E-05	0.503477775	0.175555609	0.220675749	0.460093825	0.325335464	0.196146024	0.152830035	0.153893052	0.153893052	0.392292049	0.141610486	0.214641359	0.184283652	0.063813258	0.184283652	0.117440344	0.210224104	0.133046273	0.152830035	0.05041511	0.175555609	0.033261568	0.111878134	0.093428078	0.053289681	0.060371021	0.144586023	0.10732068
"hsa-miR-22-5p"	0.00475392	0.014850617	0.025677822	0.035731328	0.00293315	0.004726539	0.021148024	0.025207555	0.012838911	0.013415085	0.009420374	0.00546082	0.028955877	0.000163699	0.006848482	0.006692063	0.006360401	0.006143742	0.00587987	0.010190251	0.009464006	0.014411191	0.003586188	0.006816908	0.003093238	0.00728932	0.006479059	0.004539241	0.004138528	0.004157696	0.004466416
"hsa-miR-221-3p"	0.441351498	0.164938489	0.121581868	0.144586023	0.408951029	0.273573425	0.185565446	0.301451957	0.163799175	0.334481889	0.607097442	0.303548721	0.257028457	0.496546248	0.234880687	0.668963777	0.314253344	0.400534939	0.550952558	0.952637998	0.712025098	0.289172046	0.312082637	0.946057647	1.057018041	0.615572207	0.594603558	0.138696184	0.181746565	0.406126198	0.25
"hsa-miR-222-3p"	0.297301779	0.279321785	0.223756268	0.266092546	0.135841858	0.255253031	0.233258248	0.348685917	0.21915143	0.26425451	0.312082637	0.327598351	0.558643569	0.170755032	0.123279088	0.069830446	0.034434535	0.085971364	0.069830446	0.080214119	0.327598351	0.414659773	0.057911754	0.289172046	0.080772052	0.120742041	0.062068281	0.061639544	0.046070913	0.059954007	0.064704058
"hsa-miR-223-3p"	1.853176124	0.888842681	0.959264119	0.91383145	2.848100391	1.753211443	1.717130873	1.777685362	1.156688184	2.549121255	1.464085696	1.705269784	1.319507911	3.073750363	1.433955248	2.928171392	4.316912946	0.52850902	1.815038311	1.385109468	3.073750363	2.848100391	4	3.249009585	0.895025071	1.624504793	1.647182035	4.112455307	11.55143356	2.566851795	8.111675838
"hsa-miR-223-5p"	0.007408172	0.000332736	0.002736726	0.003577911	0.002333428	0.001841376	0.003078977	0.001748096	0.000842326	0.002122529	0.011202775	0.005812334	0.000115595	0.00050317	0.008490116	0.004415115	0.005423099	0.007155823	0.006754197	0.003781917	0.006419456	0.01701951	0.003636249	0.004820282	0.005311494	0.006172198	0.005486113	0.008069342	0.008163103	0.002438146	0.005692718
"hsa-miR-23a-3p"	1	1	1	1	1	1	1	1	1	1	1	1	1	1	1	1	1	1	1	1	1	1	1	1	1	1	1	1	1	1	1
"hsa-miR-23b-3p"	0.174746242	0.211197793	0.171545914	0.154249031	0.127331976	0.160985204	0.175150458	0.258816231	0.217135372	0.150725978	0.210224104	0.084396872	0.132127255	0.209254903	0.109575715	0.131822329	0.114493161	0.092354965	0.151774361	0.193893095	0.158952396	0.13805675	0.088184363	0.145928475	0.173539181	0.147624083	0.143587294	0.106333395	0.128811503	0.105843164	0.135215583
"hsa-miR-24-3p"	1.049716684	0.773782497	0.812252396	1.071773463	1.064370182	0.732042848	0.586417475	1.094293701	0.721964598	1.180992661	1.613283518	1.140763716	1.156688184	1.189207115	1.205807828	0.959264119	0.558643569	0.426317446	1.424050196	1.547564994	0.882702996	0.664342907	0.574349177	1.117287138	0.450625231	0.876605721	0.532185091	0.637280314	0.628506687	0.582366793	0.716977624
"hsa-miR-25-3p"	1.042465761	1.079228237	0.876605721	1.042465761	0.38958229	0.463294031	0.570381858	1.394743666	0.835087919	1.433955248	2.67585511	1.765405993	3.434261746	1	0.307786103	0.070805243	0.269807059	0.314253344	0.115023456	0.125	0.378929142	0.40332088	0.271683716	0.460093825	0.121581868	0.132127255	0.114228931	0.183010712	0.297301779	0.096722812	0.183010712
"hsa-miR-26a-5p"	0.353553391	0.226879789	0.146604369	0.137738139	0.26425451	0.136786713	0.192109398	0.216134308	0.204475515	0.271683716	9.79E-05	0.231647015	0.230046913	0.384218795	0.096722812	0.112656308	0.084202099	0.016862941	0.050765775	0.055939067	0.144586023	0.188155843	0.089003137	0.092141826	0.037681495	0.045752678	0.028359974	0.013139006	0.102948877	0.042688758	0.217637641
"hsa-miR-26b-5p"	0.211686328	0.152830035	0.105843164	0.10732068	0.207329886	0.204475515	0.147624083	0.183010712	0.128514228	0.20877198	0.248273124	0.028955877	0.117440344	0.22221067	0.080214119	0.080772052	0.037681495	0.009036626	0.042985682	0.027584469	0.122427537	0.196146024	0.057511728	0.070316155	0.009752582	0.039281668	0.02179287	0.017579039	0.067451765	0.027776334	0.180491149
"hsa-miR-27a-3p"	0.007357	0.008708661	0.007634062	0.006723058	0.00532378	0.00506578	0.010946904	0.00579892	0.018667424	0.01991501	0.010896435	0.005423099	0.01286861	0.044604508	0.007976657	0.028099079	0.015445532	0.012459011	0.018840747	0.033108222	0.038384473	0.085575008	0.009333712	0.012118318	0.013920292	0.040949794	0.021196943	0.02056973	0.031322286	0.024348893	0.101063457
"hsa-miR-27b-3p"	0.059954007	0.059128603	0.062934722	0.066985841	0.043284671	0.048697786	0.058314562	0.038207509	0.070805243	0.125869444	0.059954007	0.108067154	0.138696184	0.111105335	0.062068281	0.2381595	0.0476956	0.065607293	0.065607293	0.085377516	0.127626516	0.154963462	0.072293011	0.058720172	0.079660039	0.137738139	0.090873282	0.01845301	0.102948877	0.05440941	0.174342958
"hsa-miR-28-3p"	0.011544371	0.018031543	0.005214218	0.009843133	0.009662865	0.013649576	0.00779447	0.01175974	0.000250425	0.00854917	0.032128557	0.004466416	0.009820417	0.002906167	0.008974206	0.018538479	0.020665002	0.038562258	0.037681495	0.040479445	0.02514938	0.193893095	0.014953911	0.030046345	0.033803896	0.039554894	0.025559439	0.019325729	0.016213432	0.015953314	0.015770075
"hsa-miR-28-5p"	0.007057306	0.012928213	0.004570813	0.004466416	0.011491147	0.007365504	0.009078481	0.006754197	0.008296202	5.87E-05	0.037162722	0.004656086	0.000115595	0.011786942	0.000190226	0.010428436	0.007357	0.001864925	0.004677651	0.008932832	0.0058663	0.076591778	0.004294383	0.011705524	0.007008558	0.012006837	0.00638986	0.004831432	0.008932832	0.005048253	0.009573972
"hsa-miR-296-5p"	0.000978821	8.94E-05	5.90E-05	0.000864009	0.000132352	0.000973184	0.003057709	0.001334024	0.000382214	5.87E-05	0.007921558	0.001213452	0.009618316	0.000598373	5.09E-05	0.001174829	0.00108607	0.001403586	0.000256278	0.001256245	0.005745574	0.009911598	0.000954258	0.009376943	0.003861383	0.002820174	0.00144973	0.001869239	0.002069264	0.001177547	0.0031802
"hsa-miR-29a-3p"	0.048697786	0.055168937	0.098755164	0.085377516	0.025207555	0.066985841	0.079660039	0.053289681	0.043284671	0.043888902	0.088388348	0.048361406	0.056719947	0.023035457	0.164938489	0.090873282	0.03983002	0.092141826	0.009226505	0.016515907	0.197510328	0.489710149	0.036651092	0.10153155	0.019236631	0.058314562	0.024180703	0.049036506	0.056328154	0.073302184	0.108067154
"hsa-miR-29a-5p"	0.002217782	8.94E-05	0.000246977	0.000150634	1.49E-05	0.000168496	0.000890354	0.000153444	0.000250425	0.000218512	0.000347669	0.002460783	0.00319493	0.000163699	0.00144973	0.000981086	0.000249847	0.000279151	4.66E-06	1.04E-05	0.003143673	0.002495135	0.000156307	0.00080058	4.93E-05	0.000850147	0.000261663	0.000192436	0.000489411	0.000117912	0.000663937
"hsa-miR-29b-2-5p"	0.002393493	0.008588767	0.000246977	0.002311962	0.002483631	0.003657313	0.001029862	0.002228054	0.003924342	5.87E-05	0.010452559	0.00101334	0.007391075	3.77E-05	5.09E-05	0.000674762	0.000510194	0.000721523	0.000740096	0.001716081	0.001142703	0.011306791	0.000536798	0.002142236	0.00133711	0.000892414	0.000419221	0.00060813	0.001309592	0.000534323	0.001657625
"hsa-miR-29b-3p"	0.00546082	0.002699049	0.004764917	0.008219882	0.002643503	0.001648078	0.003100393	0.006258358	0.001321751	0.009355302	0.022561394	0.015661143	0.027584469	0.006539216	0.001712121	0.011023045	0.000926022	0.00044415	0.000766195	0.002768525	0.032277366	0.069508505	0.000928164	0.008219882	0.000636891	0.005118724	0.000667012	0.002017335	0.005059931	0.002577164	0.019686266
"hsa-miR-29c-3p"	0.035239404	0.030962519	0.065911164	0.079844306	0.020146411	0.042541066	0.063665988	0.046070913	0.030748645	0.029564301	0.048361406	0.039100567	0.100133735	0.037507771	0.058314562	0.03388209	0.011385436	0.034039021	0.006434305	0.012118318	0.098527254	0.579681895	0.008013603	0.039100567	0.008994965	0.029977004	0.012344395	0.019192237	0.025796754	0.022561394	0.056068463
"hsa-miR-301a-3p"	0.029564301	0.006258358	0.013508394	0.024860515	0.017824433	0.008088007	0.006215129	0.019505165	0.012430258	0.02335702	0.032128557	0.004456108	0.010166733	0.02179287	5.09E-05	0.006129563	0.002152158	0.000218512	0.00123609	0.00289946	0.014884969	0.006524124	0.002306626	0.003879268	6.02E-05	0.001748096	0.001459814	0.001860621	0.002668047	0.001543049	0.017337023
"hsa-miR-30a-5p"	0.01332242	0.023683071	0.01159784	0.020760716	0.00786684	0.01674646	0.012174447	0.011202775	0.003448059	0.011438169	0.014377932	3.67E-05	0.01286861	0.001219073	0.02005353	0.002122529	0.000584706	0.000292353	0.001642376	0.001724029	0.003569654	0.005839255	0.001429771	0.00522628	0.002489376	0.001439716	0.000618045	0.000709948	0.001025114	0.000862015	0.001500855
"hsa-miR-30b-5p"	0.062934722	0.026096497	0.043888902	0.045122787	0.076946526	0.077481731	0.074842419	0.055552668	0.066523136	0.076946526	0.141610486	3.67E-05	0.042985682	0.081899588	0.029769937	0.025033434	0.01674646	0.004334256	0.010026765	0.017948412	0.05366034	0.106579361	0.019370433	0.043888902	0.009290681	0.01074642	0.007704943	0.016064279	0.024013675	0.013888167	0.067451765
"hsa-miR-30c-5p"	0.042393885	0.046714039	0.060371021	0.048697786	0.055552668	0.017217267	0.047366143	0.048027349	0.052556026	0.041234622	0.05041511	0.040386026	0.026278013	0.028359974	0.024180703	0.010096506	0.01332242	0.003353771	0.007238969	0.011280697	0.014278616	0.041521432	0.015409886	0.019370433	0.003879268	0.007758535	0.006944083	0.004710187	0.01991501	0.009485898	0.035402621
"hsa-miR-30d-5p"	0.00854917	0.013230396	0.013139006	0.007546378	0.009485898	0.004518313	0.01067219	0.008789519	0.00786684	0.010096506	0.024860515	0.000488281	0.017579039	0.024013675	0.018073253	0.022097087	0.015953314	0.009162773	0.008668512	0.010237448	0.01551707	0.040666933	0.022250784	0.028359974	0.020760716	0.01457864	0.008668512	0.007139308	0.013415085	0.004809158	0.02664484
"hsa-miR-30e-3p"	0.008106716	0.000902783	0.001895332	0.001473368	0.002535818	0.000824039	0.004176953	0.000745244	0.003951638	0.003670011	0.004274585	0.001801399	0.001253346	0.003627857	0.002064488	0.003924342	0.001776598	0.000149593	0.002455104	0.002311962	0.005627331	0.023902964	0.001528854	0.003602798	0.001423179	0.002631316	0.000956465	0.001593778	0.002547563	0.001597465	0.00546082
"hsa-miR-30e-5p"	0.228457863	0.141610486	0.079660039	0.114228931	0.152830035	0.000226218	0.10438599	0.189464571	0.092782723	0.194791145	0.408951029	0.358488812	0.550952558	0.217637641	0.056719947	0.061639544	0.040107059	0.030819772	0.058314562	0.094077922	0.072293011	0.190782401	0.060371021	0.065607293	0.051474439	0.098073012	0.042985682	0.061639544	0.102237757	0.027969533	0.079660039
"hsa-miR-32-5p"	0.003008653	0.002953552	0.000909062	0.006494046	0.003897235	0.004259796	0.005142432	0.00283979	0.003586188	0.003400588	0.010308656	0.007008558	0.00666121	0.00546082	0.003086099	0.004354331	0.000513743	0.001634804	0.000976562	0.002083657	0.005473452	0.027648276	0.001158655	0.001826545	0.004497482	0.002259157	0.00156459	0.001377881	0.003050652	0.000653285	0.012459011
"hsa-miR-320a"	1.2397077	0.846745312	0.784584098	0.712025098	0.438302861	0.668963777	0.628506687	0.673616788	0.876605721	0.562529242	0.078563336	1.453972517	2.188587403	0.637280314	1.505246747	0.435275282	0.171942727	1.705269784	0.373712312	0.447512535	0.469761375	0.926588062	0.267943366	0.594603558	0.757858283	0.687770909	0.535886731	1.464085696	0.279321785	0.141610486	0.384218795
"hsa-miR-320b"	0.463294031	0.41754396	0.273573425	0.332171454	0.200267469	0.225312616	0.293208737	0.368567304	0.368567304	0.291183397	0.50697974	0.346277367	0.650670928	0.289172046	0.650670928	0.211686328	0.090873282	0.668963777	0.174342958	0.164938489	0.305660069	0.363493129	0.121581868	0.312082637	0.318640157	0.339151082	0.183010712	0.150725978	0.116629124	0.07588718	0.169575541
"hsa-miR-324-3p"	0.003997554	0.01946015	0.014544996	0.008748997	0.009269239	0.012647535	0.013018136	0.024348893	0.01548126	0.051118879	0.061213769	0.036482119	0.059954007	0.009843133	0.001809742	0.014147262	0.008688563	0.030891063	0.013984767	0.022613582	0.024975661	0.034754253	0.005549858	0.025796754	0.015770075	0.021492841	0.012344395	0.011099717	0.017377126	0.013888167	0.015879765
"hsa-miR-324-5p"	0.002743056	0.001860621	0.001543049	0.003448059	0.004334256	0.003670011	0.00464534	0.002078848	0.003544997	0.01175974	0.012603777	0.019640834	0.018325546	0.013230396	0.000258061	0.00579892	0.002506691	0.001665303	0.002919627	0.006524124	0.01074642	0.003150944	0.003262062	0.003472042	0.00283979	0.00638986	0.001619765	0.003799433	0.006524124	0.006615198	0.005839255
"hsa-miR-326"	0.000208644	0.003586188	0.000246977	0.000150634	0.000473833	4.34E-05	0.001593778	0.000153444	0.002774929	0.000218512	0.002455104	0.000132046	0.000115595	0.000163699	0.000190226	0.065455883	0.007830572	0.007995109	0.021050525	0.033570395	0.01248783	0.022302254	0.005666473	0.020953475	0.029224726	0.032577055	0.02005353	0.023303116	0.028229225	0.014278616	0.01901568
"hsa-miR-328"	0.000789558	0.001593778	0.00426472	0.001801399	0.01014327	0.00420115	0.001948618	0.00289946	0.001962171	0.007089993	0.016288528	0.007357	0.00854917	0.015023173	0.003988329	0.017297012	0.019147944	0.033338508	0.045122787	0.042198436	0.01548126	0.016101438	0.014748036	0.033570395	0.024069222	0.024860515	0.038473263	0.016592403	0.014411191	0.016176014	0.009573972
"hsa-miR-331-3p"	0.001748096	0.000359929	0.000443125	0.000372622	0.002008035	0.000226218	0.001177547	0.00031771	7.07E-05	0.001352646	0.003747125	3.67E-05	0.000815516	0.004487103	0.000495097	0.00283979	0.001688549	0.000943297	0.000917503	0.000874048	0.00289946	0.013696964	0.001899717	0.002122529	1.30E-05	0.002338826	0.000724865	0.001114027	0.002686605	0.001185737	0.004100456
"hsa-miR-335-5p"	0.003424241	0.001390674	0.00182233	0.003424241	0.001748096	0.001631031	0.004304317	0.003217152	0.003569654	0.004518313	0.002008035	0.001076079	0.003424241	0.006754197	0.000258061	0.009099481	0.001926236	0.00393342	0.002008035	0.002939935	0.007546378	0.004100456	0.000740096	0.001899717	0.000377823	0.01135916	0.00638986	0.005524272	0.002455104	0.003330605	0.006754197
"hsa-miR-338-3p"	6.03E-05	8.94E-05	0.006129563	0.000541782	0.006129563	0.000226218	0.004274585	0.003825861	0.014179987	0.009485898	0.006944083	0.011125392	0.015843117	0.010452559	0.008728806	0.027016788	0.020905118	0.010896435	0.003852472	0.00567958	0.013984767	0.062934722	0.020617311	0.008257953	0.014988502	0.036651092	0.012691444	0.035402621	0.079660039	0.012516717	0.060790934
"hsa-miR-339-3p"	0.006186475	8.94E-05	0.006073175	0.004688471	0.000785918	0.005208198	0.003586188	0.002668047	0.005214218	0.004876291	0.015625	0.006101304	0.012344395	0.003653091	0.002820174	0.005287006	0.004254878	0.005059931	0.003695538	0.007057306	0.005745574	0.00546082	0.002333428	0.005692718	0.001752139	0.009752582	0.004742949	0.002699049	0.005059931	0.003239529	0.004284473
"hsa-miR-339-5p"	0.000463011	0.001830771	0.000246977	0.002410141	0.001119187	0.000168496	0.001935157	0.005154328	0.004666856	0.003150944	0.00219738	0.002495135	0.003544997	0.00298787	0.000190226	0.001150652	0.000524537	0.001071118	0.001419895	0.005024979	0.001720051	0.004138528	0.000354155	0.000888299	0.001443046	0.002167128	0.001145347	0.000915385	0.001041828	5.00E-07	0.001221893
"hsa-miR-33a-5p"	0.001772498	8.94E-05	0.000226218	0.000194223	0.00261314	0.000613776	0.00013451	4.72E-05	7.07E-05	0.000280444	0.000280444	0.00219738	0.000115595	0.004215735	0.000258061	0.022718321	0.00393342	0.000502009	0.002290693	0.006707542	0.003086099	0.029157281	0.002577164	0.004334256	0.003262062	0.004944362	0.005448217	0.005118724	0.010166733	0.001575472	0.008912217
"hsa-miR-342-3p"	0.126744935	0.090245575	0.071793647	0.091505356	0.052192995	0.106579361	0.097395572	0.045122787	0.100133735	0.152830035	9.79E-05	0.082469244	0.176776695	0.040386026	0.07588718	0.152830035	0.170755032	0.386891248	0.035896824	0.032803646	0.38958229	0.602903914	0.159320078	0.586417475	0.230046913	0.178006274	0.081333866	0.086569342	0.038740866	0.111105335	0.156041319
"hsa-miR-346"	0.001568209	0.002301303	0.002382458	0.001752139	0.000974309	0.001181635	0.001732014	0.004215735	0.000250425	0.004215735	0.001597465	0.002637402	0.012691444	0.001740037	0.002167128	3.26E-05	0.000198763	0.00026593	9.00E-05	0.000139575	0.001103779	0.002619184	0.000138932	0.000806149	0.000789558	0.000347669	0.000209611	6.71E-05	6.51E-05	5.06E-05	0.000122353
"hsa-miR-34a-5p"	0.014179987	0.018581361	0.05366034	0.050066867	0.00439476	0.025382887	0.027969533	0.00666121	0.002524127	0.001847769	9.79E-05	0.002800694	0.030606884	0.006301889	0.022405551	0.004487103	0.001688549	0.005524272	0.001083564	0.001899717	0.021642335	0.069830446	0.00261314	0.03018551	0.004549741	0.00587987	0.00158643	0.003988329	0.006992383	0.002919627	0.002371474
"hsa-miR-361-3p"	0.000208644	0.000332736	5.90E-05	0.001213452	5.72E-05	0.001730015	0.001426472	4.72E-05	0.002833236	0.000676323	0.001712121	0.001957643	0.000498541	0.000353337	0.003400588	0.000954258	0.00068735	0.000645781	0.000862015	0.000846228	0.002813666	0.007106394	0.000270266	0.001063719	0.000554446	0.000844275	0.000690534	0.000802432	0.001049075	0.000923884	0.001318701
"hsa-miR-363-3p"	0.072964238	0.073641696	0.099212566	0.071959718	0.021001944	0.054978067	0.055424462	0.081333866	0.057379001	0.03901033	0.102237757	0.058856001	0.121581868	0.034275781	0.005118724	0.006692063	0.004591984	0.017865664	0.001429771	0.003247023	0.029907822	0.030891063	0.003078977	0.023411048	0.002749402	0.006754197	0.003773189	0.006928058	0.010119861	0.004245058	0.016213432
"hsa-miR-365a-3p"	0.007704943	0.007546378	0.000226218	0.018073253	0.001511294	0.006896117	0.006003419	0.006615198	7.07E-05	0.000280444	0.000280444	0.004157696	0.010896435	0.005640348	0.024180703	0.00198039	0.004245058	0.000724865	0.001886594	0.000471649	0.010237448	0.03103414	0.00364466	0.01457864	0.002524127	0.001153313	0.003353771	0.004245058	0.012958118	0.002404579	0.005154328
"hsa-miR-374a-5p"	0.003577911	0.000332736	0.00192179	0.002601092	0.002103003	0.000371333	0.001191229	0.00044931	0.001935157	0.0078125	0.001352646	0.002328043	0.001106332	0.005238369	0.000190226	0.001073596	0.000132046	2.85E-05	0.00013451	0.000147534	0.001259151	0.003942519	0.000188476	0.000476028	0.000520914	0.000263483	0.000179965	0.000361596	0.000778688	0.000223103	0.003269608
"hsa-miR-374b-5p"	0.005640348	0.000359929	0.007188966	0.004425328	0.010096506	0.005013382	0.004304317	0.003086099	0.006087223	0.009162773	0.006045176	0.008257953	0.004364403	0.014278616	5.09E-05	0.008912217	0.003262062	0.000455583	0.001371528	0.001419895	0.005640348	0.012691444	0.003721242	0.006848482	0.001169413	0.003064782	0.001219073	0.00198039	0.00537321	0.002259157	0.010452559
"hsa-miR-375"	0.029157281	0.042393885	0.008608634	0.011841536	0.011841536	0.072795849	0.020193013	0.020760716	0.052192995	0.087777805	0.004710187	0.037681495	0.090873282	0.019777447	0.029564301	0.000251004	0.000333506	7.87E-06	0.000734984	1.12E-05	0.048697786	0.008257953	0.001227552	0.07588718	0.001809742	0.003400588	1.37E-05	0.000152384	0.000809882	0.000202471	0.000169081
"hsa-miR-376a-3p"	0.000778688	0.000332736	0.000349279	0.000288995	0.004539241	0.000168496	0.000791385	0.002980975	0.000250425	0.001553782	0.002541683	0.000663937	0.000115595	0.00273041	0.000580668	0.006331077	0.002187249	0.000757395	0.004775939	0.002886093	0.000148904	0.002547563	0.001768408	0.000185452	0.00048603	0.006801176	0.007976657	0.002088477	0.000539284	0.001025114	0.001568209
"hsa-miR-378a-3p"	0.076591778	0.052434736	0.16455784	0.122710732	0.029089991	0.054978067	0.081146162	0.13490353	0.057778104	0.061639544	0.090245575	0.05645845	0.185565446	0.032426864	0.113439894	0.017783297	0.014411191	0.082660009	0.014477938	0.021542557	0.082851215	0.103904737	0.009078481	0.052677597	0.03154015	0.037162722	0.028955877	0.03032532	0.037768658	0.010237448	0.029022857
"hsa-miR-382-5p"	0.005732314	0.001528854	0.002366001	0.003432162	0.004831432	0.001791024	0.003712654	0.002050228	0.002974095	0.014377932	0.018325546	0.003915286	0.000115595	0.020380501	5.09E-05	0.008953495	0.011544371	0.006449188	0.033725882	0.021995212	0.000599757	0.002040776	0.008353906	0.002187249	0.003008653	0.031906629	0.031906629	0.00852944	0.001984971	0.003107564	0.004404925
"hsa-miR-409-3p"	0.012898377	0.007323082	0.008708661	0.006769821	0.007323082	0.014833471	0.001487048	0.01074642	0.00050085	0.006172198	0.056328154	0.004990269	0.007921558	0.047805928	0.001575472	0.017417322	0.017989929	0.006494046	0.055168937	0.028425575	0.002415716	0.007616444	0.010574012	0.003050652	0.008809851	0.046714039	0.039554894	0.016363971	0.002547563	0.00638986	0.009183968
"hsa-miR-421"	0.008277055	0.001684652	0.00463462	0.001318701	0.002301303	0.00244661	0.004699317	0.002577164	0.002031367	0.000917503	0.00283979	0.001971259	0.00522628	0.00546082	0.001926236	0.005250486	0.004466416	0.006017306	0.004364403	0.005130565	0.00426472	0.006186475	0.002466475	0.006494046	0.006059159	0.009485898	0.006045176	0.005214218	0.005059931	0.002524127	0.003504279
"hsa-miR-423-3p"	0.091083487	0.04725683	0.06278948	0.044296402	0.065455883	0.036271997	0.044707685	0.061213769	0.051000905	0.068393356	0.166085727	0.061782126	0.079109787	0.057644762	0.068393356	0.060650639	0.063960868	0.098983601	0.23981603	0.274206245	0.091929179	0.078745066	0.045331781	0.141938054	0.069508505	0.071793647	0.069348092	0.044092181	0.061355366	0.098073012	0.045227164
"hsa-miR-423-5p"	0.411795509	0.463294031	0.578344092	0.742261785	0.171942727	0.291183397	0.312082637	0.562529242	0.381564802	0.26425451	0.624165274	0.030606884	1.079228237	0.329876978	1.292352831	0.356012549	0.339151082	1.189207115	0.50697974	0.414659773	0.659753955	0.692554734	0.316439148	0.721964598	0.683020128	0.835087919	0.397768242	0.002524127	0.214641359	0.148650889	0.339151082
"hsa-miR-424-5p"	0.022097087	0.006258358	0.003284752	0.006003419	0.008200912	0.003496192	0.013415085	0.004944362	0.008257953	0.002595089	0.000280444	0.00728932	0.007188966	0.00837323	0.008431471	0.006944083	0.001018033	0.017579039	0.00289946	0.003988329	0.011125392	0.019640834	0.002489376	0.001886594	0.006707542	0.005920768	0.001371528	0.004978752	0.006129563	0.001324809	0.010096506
"hsa-miR-425-3p"	0.002233208	0.004764917	0.002333428	0.006316466	0.003488123	0.003342168	0.003078977	0.009420374	0.003870315	0.00854917	0.021196943	0.002112743	0.016064279	0.006539216	0.005758864	0.014748036	0.00905753	0.012034611	0.012344395	0.023902964	0.01064756	0.009442165	0.006031225	0.011786942	0.0074597	0.013792234	0.01551707	0.011814208	0.01237295	0.009099481	0.012459011
"hsa-miR-425-5p"	0.116091426	0.157854431	0.13933858	0.091717023	0.048249796	0.101884042	0.073641696	0.149684838	0.089415371	0.143587294	0.244855074	0.168793743	0.309926925	0.101063457	0.031467361	0.086970303	0.057644762	0.125289145	0.051474439	0.087373121	0.136471033	0.10756893	0.046284299	0.13335403	0.106087996	0.11907975	0.115823508	0.097846677	0.141938054	0.063813258	0.096946548
"hsa-miR-451a"	15.56247916	13.547925	15.45498126	15.56247916	8.0556444	13.08643294	10.62948651	15.88947993	13.73704698	32.44670335	58.08122594	21.55573723	83.86517785	43.71328822	4.59479342	4.469148552	7.781239579	16.1112888	0.126744935	0.295248165	13.92880901	18.63573738	8.6938789	7.944739963	2.445280555	2.445280555	1.125058485	1.433955248	11.47164198	0.683020128	24.42014734
"hsa-miR-484"	0.105843164	0.07588718	0.048027349	0.078020659	0.046391362	0.057114466	0.047038961	0.076415017	0.046391362	0.087171479	0.168404197	0.146604369	0.220675749	0.118257206	0.085971364	0.055939067	0.088388348	0.111105335	0.085377516	0.106579361	0.086569342	0.06886907	0.096054699	0.133046273	0.139660892	0.052556026	0.10083022	0.044194174	0.062068281	0.048361406	0.060371021
"hsa-miR-485-3p"	0.049377582	0.112656308	0.070805243	0.098755164	0.030606884	0.033031814	0.065607293	0.036397925	0.034196678	0.033725882	0.06515411	0.032128557	0.051474439	0.039554894	0.102948877	0.004944362	0.006215129	0.0238478	0.010096506	0.01074642	0.034434535	0.109575715	0.005448217	0.01457864	0.02005353	0.012430258	0.007758535	0.003721242	0.00196671	0.001193985	0.00579892
"hsa-miR-486-5p"	1.366040257	2.620786808	1.765405993	2.602683711	0.554784736	1.2397077	1.132883885	2.928171392	1.453972517	2.219138944	5.351710219	2.989698497	6.543216468	2.128740365	2.445280555	0.554784736	1.972465409	8.876555777	0.220675749	0.271683716	2.188587403	2.4794154	2.158456473	3.863745316	0.986232704	0.726986259	0.550952558	0.683020128	1.117287138	0.197510328	1.580082624
"hsa-miR-495-3p"	0.004254878	0.00113481	0.001856327	0.001504326	0.009078481	0.003365415	0.001744062	0.004677651	0.003843581	0.002078848	0.014179987	0.003136418	0.007758535	0.002360541	0.002243551	0.004062734	0.003653091	0.000322891	0.008608634	0.004688471	0.000698558	0.002637402	0.003416339	0.000441082	0.001917355	0.003022588	0.004456108	0.002238374	0.000701793	0.001760255	0.003114753
"hsa-miR-497-5p"	0.005385639	0.018667424	0.012838911	0.020380501	0.00192179	0.007314627	0.014147262	0.009290681	0.000250425	0.005601388	0.001219073	0.00201268	0.018325546	0.001256245	0.007651721	0.008708661	0.000823087	0.004225487	0.000755647	0.002248741	0.010003625	0.018115059	0.000342091	0.005575563	0.00160116	0.003988329	0.002724109	0.001312621	0.000999389	0.001784827	0.001041828
"hsa-miR-500a-5p"	0.000208644	0.000332736	0.003277171	5.08E-05	5.72E-05	0.000168496	3.49E-05	0.000153444	0.000250425	0.002595089	0.008668512	0.0065847	0.007340021	0.000163699	0.000190226	0.001081063	0.000432004	0.004374498	6.28E-05	0.000255097	0.006692063	0.010332501	0.000266545	0.004167313	0.001403586	0.002980975	0.000923884	0.002483631	0.003071871	0.000553166	0.005498803
"hsa-miR-501-3p"	0.005575563	8.94E-05	0.013570961	0.003071871	0.00129455	0.005429368	0.003254534	0.006801176	0.013018136	0.001712121	0.022561394	0.008163103	0.025033434	0.00271155	0.002705292	0.00226962	0.000932463	0.003008653	0.00158643	0.002674219	0.002994782	0.004721082	0.000860025	0.005059931	0.001557376	0.002631316	0.002371474	0.001340202	0.001740037	0.000653285	0.000846228
"hsa-miR-502-3p"	0.015445532	0.015268125	0.027330708	0.015445532	0.004764917	0.008943158	0.008181985	0.024518253	0.001416618	0.015197734	0.017457612	0.011306791	0.056719947	0.000163699	0.001185737	0.002031367	0.001826545	0.006186475	0.002064488	0.002547563	0.006928058	0.008392599	0.001150652	0.006404641	0.001463191	0.002820174	0.002879432	0.003488123	0.003627857	0.00158643	0.004196299
"hsa-miR-505-3p"	0.004591984	0.003687009	0.018538479	0.015661143	0.00231731	0.005208198	0.005666473	0.006479059	0.00779447	0.004518313	0.006707542	0.005130565	0.011048543	0.001247567	0.01175974	0.003636249	0.00383471	0.002529965	0.002960384	0.002946736	0.008648506	0.002655747	0.002483631	0.002906167	0.001623512	0.003569654	0.003022588	0.002432519	0.006017306	0.002122529	0.003755793
"hsa-miR-532-3p"	0.00912053	0.000332736	0.027904985	0.012720801	0.001780708	0.00489322	0.00532378	0.00638986	0.01257469	0.000218512	0.008088007	0.002295992	0.022097087	0.001776598	0.005486113	0.009865902	0.002619184	0.011385436	0.004425328	0.006143742	0.012750226	0.012720801	0.001830771	0.018624343	0.007205595	0.010896435	0.00537321	0.008125468	0.011228689	0.003747125	0.006360401
"hsa-miR-532-5p"	0.019550283	0.017660459	0.02028654	0.012632932	0.004539241	0.017277041	0.000100304	0.025382887	0.046284299	0.009290681	0.036906021	0.017865664	0.058314562	0.033803896	5.09E-05	0.004324253	0.000932463	0.002127439	0.001279681	0.002233208	0.004732003	0.008219882	0.000656311	0.005614345	0.001071118	0.003307599	0.000568718	0.002755761	0.006017306	0.001288582	0.004820282
"hsa-miR-543"	0.003553197	0.001571836	0.003924342	0.000150634	0.005142432	0.005172222	0.001103779	0.002338826	0.002449438	0.000218512	0.024518253	0.00475392	0.000498541	0.006816908	0.000190226	0.002192309	0.001579117	0.000965346	0.010380358	0.007722766	0.000262875	0.000721523	0.002045496	0.001801399	0.000789558	0.007089993	0.004613253	0.001744062	0.00100634	0.001193985	0.002083657
"hsa-miR-551b-3p"	0.001535935	57.54691428	5.90E-05	5.08E-05	0.000896547	0.000168496	3.49E-05	0.00198039	0.000250425	0.002506691	9.79E-05	3.67E-05	0.000115595	3.77E-05	5.09E-05	0.000332736	0.001247567	7.87E-06	0.000560888	0.000397525	0.000947666	0.001393891	0.000764427	4.21E-05	1.30E-05	0.000157758	0.000644291	0.000354155	0.000888299	0.000709948	0.001071118
"hsa-miR-574-3p"	0.003942519	0.012750226	0.018283254	0.008628547	0.011254663	0.007016659	0.007425308	1.140763716	0.012662154	0.028359974	0.022718321	0.014511428	0.000667012	0.018367936	0.006479059	0.009596118	0.007255714	0.001612297	0.01159784	0.008871128	0.009464006	0.020665002	0.006692063	0.0149194	0.005692718	0.008200912	0.009957505	0.005398097	0.008392599	0.005448217	0.006912069
"hsa-miR-584-5p"	0.005614345	0.001349524	0.004570813	0.00133711	0.002571216	0.002889429	0.002285407	0.003001709	0.001276728	0.0078125	0.006479059	0.000919625	0.012516717	0.006186475	0.000997082	0.008125468	0.003158233	0.005202185	0.010972226	0.012034611	0.01214635	0.008277055	0.001661459	0.0074597	0.021245975	0.018073253	0.008974206	0.004090993	0.002926381	0.003307599	0.00553705
"hsa-miR-590-5p"	0.02683017	0.019103754	0.007041019	0.01551707	0.002781348	4.34E-05	0.005190179	0.008315392	0.02005353	0.005562696	0.005013382	3.67E-05	0.03983002	0.013230396	0.00596195	0.011048543	0.001469968	0.004274585	0.001532391	0.002506691	0.016515907	0.017217267	0.001025114	0.004487103	0.003172861	0.010237448	0.00352051	0.004274585	0.004274585	0.00289946	0.011202775
"hsa-miR-605"	0.020905118	0.05041511	0.03742121	0.045436641	0.006045176	4.34E-05	0.03901033	0.027776334	0.01457864	0.004944362	0.006992383	3.67E-05	0.011841536	0.00596195	0.018581361	0.001760255	0.001511294	0.009290681	0.000949858	0.000930311	0.017217267	0.02351948	0.001315658	0.002649618	0.002078848	0.00393342	0.000874048	0.001371528	0.000560888	0.000211069	0.001873563
"hsa-miR-629-5p"	0.028229225	0.02000725	0.035566595	0.024574968	0.004507886	0.010635267	0.018156962	0.047366143	0.018667424	0.016401823	0.033031814	0.008392599	0.071297732	0.010404369	0.019777447	0.005825779	0.005238369	0.036735872	0.006569503	0.009843133	0.019192237	0.028425575	0.002755761	0.020099917	0.013633817	0.011517728	0.007546378	0.008953495	0.008628547	0.001899717	0.008509755
"hsa-miR-652-3p"	0.113439894	0.03018551	0.059954007	0.049036506	0.046391362	0.062934722	0.055552668	0.084202099	0.043284671	0.115023456	0.236514412	0.154963462	0.154963462	0.098755164	0.119908015	0.188155843	0.196146024	0.230046913	0.213158723	0.203063099	0.248273124	0.205897754	0.186856156	0.299369676	0.299369676	0.312082637	0.198884121	0.034434535	0.146604369	0.133046273	0.13490353
"hsa-miR-660-5p"	0.070969027	0.001518294	0.122144996	0.067607792	0.021148024	0.074583484	0.059815644	0.096722812	0.102711289	0.083042863	0.078020659	0.038562258	0.118257206	0.050883204	0.021944451	0.015374323	0.008568945	0.054914591	0.004613253	0.007722766	0.033648049	0.05568117	0.004507886	0.035731328	0.006101304	0.016064279	0.01135916	0.010213822	0.019147944	0.00638986	0.017619702
"hsa-miR-766-3p"	0.00970762	0.00226962	0.004967262	0.003528653	0.013665354	0.015040538	0.003488123	0.00786684	0.008181985	0.009618316	0.029977004	0.006676619	0.000115595	0.008994965	0.004978752	0.014748036	0.013633817	0.009247848	0.027776334	0.040199833	0.013856115	0.014511428	0.009078481	0.012898377	0.023088741	0.013792234	0.01551707	0.008353906	0.009980538	0.01135916	0.010771279
"hsa-miR-885-5p"	0.006912069	0.003299966	0.025500453	0.014017116	0.002500906	0.004410017	0.026768251	0.002259157	0.001550196	0.000218512	9.79E-05	0.001108891	0.012691444	0.001164021	0.021944451	5.02E-05	3.93E-05	7.87E-06	2.91E-05	2.60E-06	0.008013603	0.002426905	0.000133272	0.0149194	0.000117369	0.000232578	0.000280444	7.98E-05	0.000453482	6.59E-05	0.000137654
"hsa-miR-92a-3p"	4.179508611	4.879274559	4.616075007	3.954056081	1.298338588	2.522754818	3.045473744	5.351710219	3.402668644	3.580100284	6.498019171	2.934944726	8.51496146	2.815387168	1.433955248	0.410845157	0.529731547	1.322560146	0.381564802	0.484085348	1.298338588	1.477679441	0.416580342	1.819236788	0.808507652	0.692554734	0.539614118	0.573023681	0.802922882	0.210224104	0.848703971
"hsa-miR-92b-3p"	0.000773309	0.000332736	0.003979124	0.000150634	0.000351708	0.000168496	0.001604864	0.000613776	0.001830771	0.000375214	0.000347669	0.000894478	0.001772498	0.000528186	5.09E-05	0.000187174	0.000325137	0.00021451	0.000230971	0.000341301	0.001456445	0.00045035	0.000222588	0.000846228	0.000726542	0.000175043	0.000416326	0.000285676	0.0001435	5.85E-05	0.000207203
"hsa-miR-93-3p"	6.03E-05	0.006031225	5.90E-05	0.001957643	0.002088477	4.34E-05	0.000100304	4.72E-05	7.07E-05	0.011125392	0.026278013	0.021995212	0.040107059	0.018367936	0.003353771	0.00678548	0.006101304	0.014511428	0.008315392	0.010404369	0.010356402	0.012988092	0.006287345	0.01713789	0.00553705	0.007494251	0.006615198	0.00779447	0.011951482	0.006215129	0.008450974
"hsa-miR-93-5p"	0.539614118	0.697371833	0.277392368	0.47963206	0.26061644	0.225312616	0.241484082	0.737134609	0.366021424	1.214194884	1.945309895	1.866065983	2.428389769	0.907519155	0.339151082	0.22221067	0.26425451	0.318640157	0.293208737	0.285190929	0.5	0.532185091	0.244855074	0.594603558	0.299369676	0.25348987	0.174342958	0.220675749	0.325335464	0.141610486	0.444421341
"hsa-miR-95"	0.00237696	0.004354331	0.001446384	0.001890958	0.000548077	4.34E-05	0.001856327	0.000153444	7.07E-05	0.00227487	9.79E-05	0.001998777	0.007238969	0.001180271	0.002595089	0.000301965	2.26E-06	2.85E-05	1.36E-06	2.60E-06	0.000902783	0.001852043	0.000165219	0.000279151	1.30E-05	0.000223103	0.000247549	5.09E-05	1.84E-05	9.25E-05	0.00045035
"hsa-miR-99a-5p"	0.011202775	0.024180703	0.034674046	0.038473263	0.01135916	4.34E-05	0.042101049	0.017457612	0.022405551	0.015092755	0.006345722	3.67E-05	0.05440941	0.011280697	0.071793647	0.003172861	0.003262062	0.001724029	0.00144973	0.001177547	0.012691444	0.018971795	0.004186615	0.016980232	0.002064488	0.003825861	0.002724109	0.004186615	0.002859542	0.001860621	0.003721242
"hsa-miR-99b-5p"	0.018581361	0.024348893	0.004425328	0.012516717	0.010308656	0.009355302	0.021050525	0.018198962	0.011202775	0.018581361	0.005410584	0.015409886	0.009820417	0.01551707	0.017701311	0.015092755	0.008608634	0.022876339	0.019505165	0.02664484	0.054787858	0.025033434	0.01167851	0.048361406	0.056719947	0.026460791	0.024688791	7.06E-05	0.016980232	0.012259127	0.007704943