ID_ref	Control 1	Control 2	Control 3	Control 4	Control 5	Control 6	Control 7	Control 8	Control 9	Control 10	Control 11	Control 12	Control 13	Control 14	DLBCL 1	DLBCL 2	DLBCL 3	DLBCL 4	DLBCL 5	DLBCL 6	DLBCL 7	DLBCL 8	DLBCL 9	DLBCL 10	DLBCL 11	DLBCL 12	DLBCL 13	DLBCL 14	DLBCL 15	DLBCL 16	DLBCL 17
hsa-miR-652-3p	31.12	33.60	32.01	32.08	30.39	31.50	31.36	31.20	32.74	31.06	30.76	29.95	31.61	30.64	30.80	24.40	25.59	27.16	24.74	25.75	28.41	29.73	25.41	27.46	27.51	26.05	25.76	27.34	24.85	23.98	25.85
hsa-miR-181a-5p	31.44	33.56	33.41	32.59	30.21	31.85	31.67	31.92	32.82	32.53	31.67	31.20	32.98	31.08	31.84	25.50	25.14	28.43	25.97	26.99	29.55	27.93	24.77	28.40	28.43	26.37	26.73	27.19	24.34	27.77	25.49
hsa-miR-221-3p	29.16	31.15	30.99	30.52	27.25	29.38	29.62	29.36	30.82	29.52	29.40	28.98	30.88	28.31	29.83	22.57	24.91	26.36	23.37	23.52	26.89	29.24	24.67	25.80	25.69	25.07	24.18	25.33	24.54	22.37	24.96
hsa-let-7f-5p	31.77	34.01	33.74	33.24	30.43	32.67	32.29	33.72	33.73	33.29	32.06	32.36	34.58	31.61	33.85	29.32	30.31	32.42	30.44	31.52	32.62	31.39	29.31	31.48	32.18	30.75	30.77	36.04	28.25	30.34	29.49
hsa-miR-27b-3p	32.04	32.63	31.94	31.63	30.49	31.87	31.29	32.34	32.03	30.93	32.74	30.47	31.77	30.47	31.75	24.06	27.63	28.97	26.44	27.00	29.37	30.14	26.78	29.81	29.42	27.23	26.89	28.24	25.36	25.27	25.48
hsa-miR-374b-5p	35.45	39.99	35.07	35.55	32.59	35.15	35.05	35.97	35.57	34.71	36.05	34.18	36.76	33.43	42.00	28.80	31.50	36.14	32.02	32.91	33.87	33.75	31.06	32.91	35.51	32.72	33.11	31.46	29.62	29.86	29.54
hsa-miR-93-5p	28.87	29.07	29.80	28.79	27.90	29.66	29.24	28.07	29.66	27.66	27.72	26.36	27.64	27.44	29.30	24.16	25.16	26.69	24.28	25.26	27.40	28.36	25.02	26.47	27.51	26.35	25.95	24.66	23.70	23.89	24.13
hsa-miR-200a-3p	40.18	42.00	40.06	40.06	39.68	34.53	42.00	42.00	39.85	36.63	42.00	42.00	39.89	42.00	42.00	36.00	42.00	42.00	42.00	42.00	34.82	39.13	36.17	42.00	42.00	37.78	39.59	36.60	34.55	35.90	36.01
hsa-miR-484	31.22	32.27	32.33	31.41	30.39	31.64	31.60	31.34	32.64	31.46	31.25	30.03	31.10	30.38	31.28	26.15	26.74	28.21	26.06	26.68	29.93	31.31	26.37	28.63	28.61	28.62	26.74	26.98	26.09	25.44	27.01
hsa-miR-106a-5p	29.20	30.23	29.86	29.61	27.65	29.51	29.67	28.75	30.05	27.83	27.92	26.39	28.45	27.54	30.22	22.98	24.65	26.77	24.52	25.04	26.73	27.82	24.56	26.18	26.80	25.80	25.33	24.39	23.51	23.42	23.88
hsa-miR-145-5p	33.24	32.96	32.61	32.80	31.18	42.00	32.02	32.60	33.65	32.31	32.70	32.89	33.45	31.84	32.68	25.72	27.56	32.05	26.75	28.56	30.99	31.42	27.00	42.00	39.79	29.61	29.34	39.45	25.06	25.99	26.99
hsa-miR-185-5p	31.72	32.65	32.46	31.94	32.24	31.65	31.90	31.34	32.49	30.58	29.78	29.43	30.19	30.07	32.42	24.92	42.00	26.90	27.31	28.05	29.54	29.95	25.83	28.91	31.64	28.30	27.53	36.34	24.85	25.91	25.45
hsa-miR-486-5p	27.53	27.16	27.13	26.35	26.81	27.20	27.01	26.08	27.67	26.79	26.26	25.68	26.21	26.21	26.45	22.84	22.26	21.89	24.69	25.33	25.27	26.14	21.88	23.77	25.79	24.83	24.29	23.03	21.92	23.41	22.30
hsa-miR-26a-5p	29.48	30.69	30.72	30.59	27.88	30.38	29.57	29.84	30.50	29.82	42.00	29.37	31.04	28.68	31.11	25.14	26.81	30.93	26.81	27.61	29.19	29.86	26.48	29.16	30.50	28.82	28.57	28.73	25.36	25.62	25.16
hsa-miR-143-3p	35.68	35.50	35.91	36.12	34.36	37.47	34.07	35.28	35.99	34.90	36.02	33.74	35.03	34.62	35.39	28.73	32.18	34.23	30.00	31.50	33.83	32.20	30.90	34.75	34.10	31.96	32.49	32.51	27.80	29.39	29.12
hsa-miR-30a-5p	34.21	33.95	34.38	33.32	32.95	33.41	33.55	34.11	36.39	34.39	34.80	42.00	35.20	36.98	33.38	30.87	33.98	36.78	31.76	32.63	34.53	34.87	32.44	33.30	34.42	33.81	34.09	32.94	32.01	31.25	32.34
hsa-miR-222-3p	29.73	30.39	30.11	29.64	28.84	29.48	29.29	29.15	30.40	29.86	30.36	28.87	29.76	29.85	30.76	25.83	28.10	28.58	26.35	27.09	28.01	28.72	27.10	27.51	29.40	27.42	27.44	26.50	26.52	25.13	26.91
hsa-miR-342-3p	30.96	32.02	31.75	31.18	30.22	30.74	30.55	32.10	31.53	30.65	42.00	30.86	31.42	31.93	31.46	24.70	25.79	26.41	27.31	28.38	27.76	28.18	25.64	26.49	27.89	26.86	27.05	26.01	26.77	24.24	25.64
hsa-miR-324-5p	36.49	37.62	37.29	35.91	33.81	35.60	34.94	36.54	36.35	34.35	34.99	32.93	34.69	33.54	39.66	29.42	31.88	34.27	30.93	30.71	32.94	35.76	31.25	33.89	34.23	31.66	32.70	30.52	29.34	28.31	30.38
hsa-let-7e-5p	33.00	34.26	34.36	33.35	31.15	32.96	32.62	32.43	33.45	32.58	33.59	32.74	35.57	31.87	32.99	29.63	31.62	33.64	29.71	31.05	32.99	33.77	31.25	31.86	31.78	31.42	31.18	30.40	30.25	30.82	30.42
hsa-miR-139-5p	34.63	33.74	34.27	33.18	31.62	32.62	34.03	33.51	33.34	34.47	34.59	33.39	33.63	33.32	35.41	27.29	28.88	31.15	26.42	28.36	31.45	33.00	28.61	29.94	31.80	30.60	29.43	29.80	29.00	26.45	28.86
hsa-miR-375	33.08	33.11	34.81	34.13	32.36	31.29	32.82	33.22	32.47	31.45	36.41	31.99	32.38	32.96	32.82	33.95	34.79	42.00	32.92	39.90	30.76	34.37	32.66	29.44	34.88	32.57	39.59	35.16	32.35	33.34	35.49
hsa-miR-451a	24.02	24.79	24.00	23.77	22.95	23.80	23.78	23.64	24.43	22.92	22.82	22.83	22.53	21.85	25.54	19.83	20.28	21.03	25.49	25.21	22.60	23.23	19.87	22.73	24.48	23.08	23.26	21.96	18.56	21.62	18.35
hsa-let-7a-5p	28.48	29.72	29.13	28.82	26.70	29.00	28.40	29.09	29.06	28.86	28.98	28.07	29.60	28.53	28.63	24.50	25.84	27.83	25.60	27.29	28.29	28.56	25.37	26.93	28.27	26.48	26.38	27.55	25.47	26.39	24.65
hsa-miR-128	32.63	32.35	31.82	32.45	31.34	32.32	31.13	32.19	33.22	32.58	36.77	31.63	32.53	31.80	32.77	26.93	28.60	29.64	27.67	28.10	30.96	31.36	28.01	29.99	30.90	29.13	28.35	27.58	26.69	26.39	27.90
hsa-miR-125a-5p	31.85	33.15	33.07	32.03	30.19	32.46	31.84	32.34	32.53	31.43	32.59	32.19	32.69	31.19	32.96	28.40	29.14	32.66	29.11	29.15	30.73	32.19	28.91	29.67	29.68	30.03	29.92	28.09	27.17	27.50	29.03
hsa-miR-485-3p	32.32	31.70	31.77	31.07	30.99	32.43	31.12	32.41	33.08	32.83	32.62	32.22	33.20	31.96	31.02	29.65	30.57	30.43	29.14	29.99	31.26	30.64	30.51	31.82	31.41	30.70	30.44	30.55	31.07	30.78	30.39
hsa-let-7b-3p	34.67	36.23	34.81	32.85	33.92	34.31	33.06	33.67	37.84	35.05	35.73	36.09	36.05	34.79	39.66	30.65	31.68	33.14	30.92	32.97	34.16	35.12	31.49	32.98	35.24	32.89	31.56	32.02	30.72	30.34	31.57
hsa-miR-25-3p	27.92	28.44	28.14	27.67	27.32	28.62	28.00	27.15	28.47	27.42	27.26	26.44	27.14	27.30	29.44	25.81	25.13	26.71	25.63	26.45	27.80	28.76	24.87	26.84	28.81	27.29	26.56	24.93	23.83	24.44	25.41
hsa-miR-33a-5p	37.12	42.00	40.06	40.06	34.54	38.18	40.05	42.00	42.00	39.74	40.48	36.09	42.00	35.19	39.66	27.45	31.23	36.00	31.28	30.67	34.74	32.55	31.59	33.57	34.03	32.03	30.95	30.09	28.70	30.38	29.77
hsa-miR-16-5p	22.43	23.14	22.91	22.45	21.83	22.36	22.71	21.99	22.91	22.33	42.00	39.24	22.19	21.83	24.96	19.64	20.64	21.62	21.78	22.66	22.65	22.99	20.40	22.45	23.75	21.64	21.65	19.76	19.10	19.64	19.62
hsa-let-7b-5p	29.93	31.00	30.64	30.59	29.01	29.46	29.83	30.45	30.99	29.80	28.85	32.72	29.38	28.77	29.98	23.84	25.85	26.70	25.56	27.48	28.19	27.85	25.22	27.45	27.04	26.20	27.09	33.42	24.57	25.81	24.18
hsa-miR-152	34.08	34.01	32.95	32.79	31.45	32.29	32.53	33.52	35.82	33.53	35.53	31.78	33.55	32.38	33.76	26.79	28.70	29.75	27.67	29.21	30.64	32.22	28.67	30.69	31.26	29.22	28.06	27.79	28.14	26.87	28.88
hsa-miR-30c-5p	32.54	32.97	32.00	32.09	30.13	33.37	31.59	32.01	32.46	32.54	32.99	31.89	34.17	32.44	33.11	28.62	29.47	33.26	29.62	29.92	32.53	32.04	29.01	31.41	33.78	31.38	30.60	30.21	27.73	27.79	27.78
hsa-miR-197-3p	35.23	34.54	32.73	32.32	31.75	32.72	33.06	32.81	35.17	32.92	33.49	34.59	36.09	32.66	32.47	26.88	26.99	31.79	27.47	28.42	30.69	31.81	27.00	29.31	30.11	29.40	27.69	27.88	25.80	26.61	27.26
hsa-miR-99b-5p	33.73	33.91	35.77	34.05	32.56	34.25	32.76	33.41	34.69	33.69	36.21	33.28	35.59	33.31	33.56	28.04	30.10	30.49	28.19	28.68	30.59	32.77	29.41	30.09	29.91	29.61	28.77	36.27	27.96	27.42	29.98
hsa-miR-30e-5p	30.11	31.37	31.60	30.86	28.67	39.62	30.45	30.03	31.64	30.30	29.97	28.74	29.78	29.50	31.88	26.01	27.88	30.06	26.61	26.86	30.19	29.84	27.04	29.65	30.05	27.72	27.97	26.50	25.37	26.23	26.61
hsa-miR-146a-5p	29.52	30.80	30.57	29.92	28.17	30.08	30.00	30.19	30.90	29.95	30.79	29.50	31.04	29.58	30.26	22.87	25.27	25.59	23.83	24.82	28.04	28.41	25.19	26.94	27.09	25.44	25.21	24.22	25.19	22.88	25.07
cel-miR-39-3p	23.87	23.72	23.96	23.88	23.40	23.22	23.79	23.75	23.54	23.93	24.35	23.04	23.89	23.95	23.30	23.59	23.90	23.57	23.59	23.58	24.22	24.12	23.51	23.71	24.05	24.00	23.31	23.59	23.99	23.70	23.49
hsa-miR-424-5p	33.48	35.87	36.20	35.11	32.89	35.67	33.41	35.29	35.13	36.53	40.48	34.36	36.04	34.20	34.63	29.16	33.18	30.87	30.94	31.42	32.89	33.12	31.64	34.77	32.99	31.77	32.94	30.13	29.43	30.63	29.59
hsa-miR-107	31.90	32.37	31.81	31.27	28.67	30.84	30.69	30.87	32.00	31.68	30.06	30.23	32.57	30.83	31.90	26.74	28.52	30.24	28.46	28.65	30.92	31.88	27.63	30.66	31.25	30.00	29.81	28.04	27.10	27.04	26.72
hsa-miR-148b-3p	32.85	33.53	32.71	33.19	30.57	32.26	32.30	32.33	32.81	32.49	32.25	33.33	32.17	31.66	33.57	26.35	28.65	29.16	27.84	28.27	30.42	30.80	28.45	30.51	31.08	28.59	28.08	30.17	27.47	26.00	27.32
hsa-miR-20a-5p	28.66	29.31	29.43	29.07	27.18	28.99	28.89	27.85	29.10	27.20	27.23	26.17	27.25	26.70	29.35	22.48	24.22	25.92	24.05	25.03	25.85	27.06	24.13	25.63	27.82	25.02	24.90	23.97	22.76	22.96	23.14
hsa-miR-17-5p	35.16	37.35	36.19	37.38	33.38	39.62	34.65	37.55	37.33	34.74	34.03	34.94	34.38	34.41	37.67	29.02	31.93	33.17	30.85	32.00	33.52	34.64	30.92	33.09	33.89	32.46	31.85	32.12	30.02	30.01	30.07
hsa-miR-30d-5p	34.85	34.79	34.20	34.78	32.68	35.30	33.74	34.46	35.20	34.57	34.01	38.26	34.75	32.68	33.53	27.49	29.21	31.81	29.36	30.06	32.41	32.07	28.48	30.86	31.36	30.47	30.28	29.61	28.30	28.77	28.19
hsa-miR-186-5p	30.44	31.15	31.18	30.94	29.60	29.85	30.69	29.96	32.16	29.84	29.41	29.39	29.30	29.11	30.85	24.30	25.59	27.50	26.83	26.92	28.08	28.21	25.44	27.96	28.94	26.05	26.10	24.83	23.78	23.75	24.87
hsa-let-7i-5p	29.96	31.47	31.15	30.82	28.56	30.45	30.51	30.37	31.09	30.39	29.63	29.04	29.92	29.53	30.84	25.23	26.86	28.05	26.29	26.82	28.87	29.33	26.24	28.46	29.47	27.19	27.14	25.55	25.48	25.54	25.74
hsa-miR-26b-5p	30.22	31.26	31.19	30.95	28.23	29.80	29.95	30.08	31.17	30.20	30.69	32.37	32.01	29.47	31.38	25.62	27.97	31.83	27.05	28.63	29.43	29.80	27.11	29.55	32.45	29.04	28.95	28.31	25.97	26.24	25.43
hsa-miR-34a-5p	34.12	34.30	32.17	32.05	33.79	32.81	32.35	34.86	36.84	37.02	42.00	35.74	33.95	34.61	33.22	29.79	32.45	32.54	32.36	32.49	31.93	31.29	31.57	30.77	33.55	31.78	32.73	30.45	29.24	29.49	31.68
hsa-miR-320b	29.09	29.81	29.82	29.32	28.28	29.66	28.96	29.07	29.65	29.72	29.66	28.79	29.54	29.09	28.36	24.23	26.70	25.62	25.03	26.05	28.11	28.91	26.03	27.40	27.42	25.93	25.88	25.21	25.18	24.79	25.52
hsa-miR-590-5p	33.20	34.26	35.10	33.74	34.45	42.00	34.78	34.54	33.85	35.43	36.32	42.00	33.57	33.54	35.13	28.49	32.65	32.91	31.86	32.09	32.32	33.31	32.92	33.52	34.07	30.98	31.58	30.35	29.95	29.50	29.44
hsa-miR-191-5p	30.41	32.57	32.22	31.27	28.26	31.24	30.75	30.98	32.32	30.58	38.70	39.24	32.61	29.68	30.64	24.03	25.98	29.93	25.59	26.01	28.97	29.86	25.65	27.73	28.64	27.54	27.38	25.59	24.47	24.71	24.94
hsa-miR-99a-5p	34.46	33.92	32.80	32.43	32.42	42.00	31.76	33.47	33.69	33.99	35.98	42.00	33.12	33.77	31.54	30.29	31.50	34.22	31.94	33.18	32.70	33.17	30.89	31.60	34.69	32.40	31.95	30.38	30.53	30.14	31.03
hsa-miR-301a-3p	33.06	35.87	34.16	33.06	31.77	34.46	34.52	33.31	34.54	33.36	33.64	35.07	35.54	32.82	42.00	29.34	32.10	37.20	32.17	31.88	32.47	34.71	31.75	33.73	39.79	33.53	32.85	31.55	30.63	30.41	28.81
hsa-miR-151a-5p	30.50	31.80	31.73	31.41	28.16	30.50	30.57	30.73	31.04	30.31	31.02	29.84	31.51	29.50	31.45	24.96	26.22	29.00	25.16	26.44	29.40	29.04	26.08	28.15	29.60	26.85	26.41	26.23	25.89	24.59	26.16
hsa-miR-122-5p	30.23	30.46	27.93	27.23	29.89	30.24	27.27	30.91	32.41	30.66	33.38	42.00	28.15	30.55	24.81	29.66	26.61	32.23	28.75	31.61	26.13	27.40	26.55	24.79	30.99	28.88	28.09	26.62	25.76	29.50	27.25
hsa-miR-423-5p	29.26	29.66	28.74	28.16	28.50	29.29	28.87	28.46	29.60	29.86	29.36	32.29	28.81	28.90	27.37	23.48	24.80	24.79	23.49	24.72	27.00	27.98	24.65	26.19	26.32	24.63	24.76	31.11	24.30	23.82	24.52
hsa-miR-101-3p	31.05	32.06	31.40	30.99	30.27	32.25	30.47	30.55	31.84	30.32	31.30	29.22	30.06	29.40	32.79	25.94	28.94	29.38	29.65	29.70	28.76	29.70	28.99	30.53	30.94	28.61	29.28	42.00	27.02	27.30	25.54
hsa-miR-365a-3p	35.00	35.60	40.06	33.52	35.33	34.69	34.57	34.87	42.00	39.74	40.48	35.17	35.44	34.77	33.11	30.97	31.12	35.47	31.56	34.50	33.01	32.46	31.09	31.82	34.40	34.13	31.65	30.36	28.35	29.77	30.56
hsa-miR-23a-3p	27.98	28.55	27.95	27.73	25.96	27.51	27.19	27.63	28.21	27.94	28.68	27.26	28.92	27.30	27.74	21.99	23.24	25.04	22.51	23.45	26.40	27.45	22.99	25.72	25.77	24.37	23.43	22.48	22.08	21.07	22.96
hsa-miR-215	34.38	33.62	32.65	32.90	34.24	33.58	32.77	33.48	34.76	32.93	34.35	33.05	32.99	32.95	33.48	30.28	31.69	34.09	33.65	33.89	30.78	33.08	31.41	31.04	39.79	33.62	32.91	31.72	30.12	30.21	30.00
hsa-miR-320a	27.67	28.79	28.30	28.22	27.15	28.09	27.86	28.20	28.40	28.77	32.35	26.72	27.79	27.95	27.15	23.19	25.78	24.27	23.93	24.61	27.49	27.56	24.89	26.47	26.17	24.91	24.33	21.93	23.92	23.89	24.34
hsa-miR-338-3p	42.00	42.00	35.30	38.58	33.31	39.62	35.06	35.66	34.35	34.66	35.85	33.75	34.90	33.88	34.58	27.20	28.82	31.56	30.53	30.91	32.56	31.44	28.59	32.64	31.83	29.14	29.73	27.30	25.73	27.39	27.00
hsa-miR-223-3p	27.09	28.72	28.01	27.86	24.45	26.70	26.41	26.80	28.00	26.59	28.13	26.49	28.52	25.68	27.22	20.44	21.13	25.96	21.65	22.98	24.78	25.94	20.99	24.02	25.93	23.67	22.71	20.44	18.55	19.71	19.94
hsa-miR-103a-3p	28.79	30.76	29.89	29.62	26.66	27.14	29.02	29.30	30.49	29.26	42.00	28.32	30.71	28.08	30.15	25.28	26.16	29.54	26.46	27.01	28.91	30.27	25.75	28.14	30.37	28.04	27.93	26.14	25.04	24.98	25.05
hsa-miR-331-3p	37.14	39.99	39.09	39.12	34.92	39.62	36.92	39.25	42.00	37.47	36.74	42.00	39.18	35.10	38.72	30.45	32.45	35.09	32.60	33.61	34.83	33.64	32.03	34.60	42.00	33.11	33.86	32.29	30.62	30.79	30.89
hsa-miR-142-3p	32.29	32.19	31.85	31.76	29.05	31.15	30.16	31.39	31.84	30.68	31.61	32.81	31.73	29.54	33.50	26.05	28.20	31.45	30.93	30.88	29.84	27.82	27.89	31.21	32.08	29.52	29.49	30.37	26.22	27.34	25.77
hsa-let-7d-3p	30.68	31.13	30.63	30.63	28.90	30.34	29.98	29.92	30.93	30.40	31.26	30.85	30.48	29.98	30.67	25.15	26.24	29.03	25.14	26.55	29.15	30.51	26.05	28.18	29.03	26.77	26.29	25.78	25.21	24.86	26.50
hsa-miR-605	33.56	32.86	32.69	32.19	33.33	42.00	31.87	32.80	34.31	35.60	35.84	42.00	35.32	34.69	33.49	31.14	32.61	31.79	32.55	33.52	32.26	32.86	32.56	34.28	34.68	32.36	33.59	31.99	32.88	33.28	32.02
hsa-miR-19a-3p	29.63	29.74	29.96	29.33	28.74	29.44	28.91	28.86	29.65	28.48	29.97	29.11	27.99	27.70	32.66	24.78	27.79	29.63	28.14	27.85	28.64	29.26	27.59	29.61	30.44	28.39	28.17	26.37	25.78	25.84	24.85
hsa-miR-144-3p	31.02	31.67	31.01	30.78	30.35	31.34	30.02	31.09	30.37	30.79	40.48	34.41	30.49	29.38	34.17	26.60	28.37	29.74	33.84	32.63	30.05	29.22	28.37	31.32	32.24	30.99	31.82	27.70	26.08	29.89	24.20
hsa-miR-126-3p	28.18	28.75	28.79	28.75	26.51	28.60	27.88	28.33	28.13	28.28	34.26	27.86	29.35	27.67	31.21	23.74	26.45	29.62	25.29	25.48	27.30	28.76	26.43	27.27	29.27	26.22	26.32	27.26	25.17	23.79	24.84
hsa-miR-148a-3p	32.73	33.54	32.24	31.67	30.60	32.47	31.00	32.94	33.89	32.98	34.76	32.31	32.46	32.05	30.55	25.72	29.19	29.34	28.06	28.78	29.37	30.51	28.66	29.53	31.34	28.79	28.44	30.43	26.57	26.85	27.00
hsa-miR-10b-5p	33.13	32.66	32.56	31.85	31.56	35.11	31.92	32.31	32.73	33.33	34.77	34.40	33.02	33.33	32.90	31.96	33.01	33.63	33.64	33.57	33.09	32.51	32.90	33.76	34.95	32.99	33.13	30.58	32.96	31.93	32.39
hsa-miR-195-5p	36.19	36.85	40.06	35.80	38.18	34.49	36.84	38.33	35.59	39.74	39.75	35.33	34.85	39.86	39.66	29.00	34.60	34.97	33.58	33.52	34.74	35.04	33.57	32.99	39.79	34.19	33.63	32.83	32.60	31.05	33.04
hsa-miR-125b-5p	33.92	32.75	32.66	32.12	31.41	32.16	31.64	32.43	32.97	32.98	34.50	33.44	33.60	34.06	31.53	29.37	29.25	32.16	30.41	31.78	31.26	30.91	29.24	29.91	31.87	30.29	30.46	29.16	28.97	28.50	29.59
hsa-miR-192-5p	34.35	33.30	32.28	31.54	32.15	32.79	32.26	32.64	33.61	33.93	33.39	31.82	32.53	32.57	31.40	29.82	30.97	33.35	32.58	33.33	30.36	32.99	30.83	30.32	35.00	33.64	33.47	30.45	29.51	29.31	29.50
hsa-miR-18b-5p	33.20	34.92	34.39	35.16	30.95	33.61	33.78	33.34	35.89	32.29	33.09	32.30	32.33	31.55	37.08	26.93	29.23	32.95	28.73	29.52	30.83	32.68	30.24	30.55	34.73	30.57	30.17	29.00	27.83	27.22	27.68
hsa-miR-335-5p	36.17	38.04	37.05	35.92	35.12	36.77	35.05	35.91	36.34	35.73	37.64	37.12	37.11	34.51	39.66	28.77	32.26	33.03	31.47	31.86	33.45	35.38	33.39	34.76	37.14	30.83	30.72	29.98	30.75	29.30	30.17
hsa-miR-204-5p	36.22	36.11	42.00	36.17	42.00	42.00	34.71	34.57	35.51	36.22	42.00	42.00	42.00	42.00	42.00	33.03	36.46	42.00	34.66	36.09	42.00	42.00	34.49	42.00	42.00	37.74	35.89	34.52	34.70	34.01	42.00
hsa-let-7g-5p	29.90	30.94	30.34	30.28	27.79	30.12	29.54	30.08	30.32	29.94	29.13	29.17	30.77	29.45	31.19	25.22	26.75	28.16	26.82	28.41	28.07	27.80	27.07	27.83	30.33	27.00	27.61	26.16	25.64	26.20	25.46
hsa-miR-22-3p	29.86	30.11	42.00	28.72	28.47	29.69	28.31	29.25	30.56	30.65	31.38	29.96	30.27	30.12	29.96	24.43	27.21	27.48	25.60	25.70	29.31	30.16	27.30	28.23	30.68	27.53	26.85	26.71	26.13	23.86	26.18
hsa-miR-199a-3p	32.00	33.87	32.91	32.65	29.19	31.87	31.51	32.05	32.81	32.79	33.11	42.00	33.05	30.79	32.75	25.30	27.73	29.75	26.01	27.26	30.55	31.57	27.62	29.72	30.57	27.65	26.93	26.46	26.53	24.91	26.75
hsa-miR-19b-3p	28.05	28.46	28.20	27.79	26.99	27.33	27.74	27.21	28.44	26.87	27.58	25.89	26.78	26.13	30.53	23.36	26.01	27.92	26.27	26.11	27.03	28.18	25.68	27.80	28.37	26.79	26.62	24.47	23.88	24.03	23.74
hsa-miR-29a-3p	32.34	32.73	31.29	31.28	31.27	31.41	30.84	31.86	32.74	32.45	32.18	31.63	33.06	32.74	30.34	25.45	27.89	28.48	29.27	29.37	28.74	28.48	27.76	29.02	31.47	28.47	28.80	26.83	26.23	24.84	26.17
hsa-miR-150-5p	29.92	30.16	30.42	29.80	28.23	29.17	29.10	29.84	29.92	29.68	29.04	28.76	30.54	31.17	30.54	22.70	23.96	25.66	27.99	29.51	25.88	26.86	23.75	24.73	27.55	25.17	26.15	23.92	25.95	21.79	23.49
hsa-miR-30b-5p	31.97	33.81	32.46	32.20	29.66	31.20	30.93	31.80	32.12	31.64	31.50	42.00	33.46	30.91	32.81	27.31	29.14	32.89	29.15	29.25	30.62	30.68	28.68	30.23	32.52	30.91	30.45	28.44	27.46	27.24	26.85
hsa-miR-24-3p	27.91	28.92	28.25	27.63	25.87	27.96	27.96	27.50	28.68	27.70	27.99	27.07	28.71	27.05	27.47	22.05	24.08	26.27	22.00	22.82	26.58	28.04	23.79	25.56	26.92	24.56	24.34	23.13	22.75	21.85	23.44
hsa-miR-502-3p	34.00	34.58	33.14	33.75	33.68	34.31	34.13	32.98	37.67	33.98	34.52	33.73	33.06	39.88	37.46	30.93	32.34	32.38	31.43	32.06	33.58	34.35	32.75	33.01	35.18	32.84	31.87	30.64	30.19	30.37	30.85
hsa-miR-339-3p	35.32	42.00	35.31	35.47	36.28	35.09	35.32	36.18	35.79	35.62	34.68	34.62	35.26	35.40	36.21	29.55	31.12	32.67	30.59	30.59	33.85	34.97	31.73	33.18	34.92	31.05	31.15	31.01	29.71	29.34	30.82
hsa-miR-409-3p	34.26	35.64	34.79	34.94	33.06	33.58	36.59	34.17	39.17	35.28	32.83	34.91	35.90	31.69	37.05	27.83	29.04	32.31	26.69	28.58	35.10	34.49	29.55	34.08	32.59	28.79	28.09	28.41	30.70	28.36	29.72
hsa-miR-154-5p	34.88	40.10	36.44	42.00	33.18	42.00	36.54	36.45	42.00	34.87	36.40	42.00	42.00	35.22	36.82	28.92	30.20	32.45	28.29	29.72	35.83	36.98	30.79	34.52	34.71	30.46	28.84	30.21	31.71	29.23	31.30
hsa-miR-155-5p	34.66	35.10	36.25	36.71	34.56	34.99	35.14	34.45	34.13	36.04	35.27	35.71	35.98	36.18	37.13	31.30	34.39	33.40	32.95	33.48	32.77	32.66	33.24	31.57	35.52	32.44	34.01	32.62	32.25	30.40	31.80
hsa-miR-140-3p	30.74	30.64	30.45	30.63	30.74	30.51	30.67	29.72	30.90	29.73	30.08	29.73	30.10	29.27	32.49	26.59	28.41	28.71	27.98	28.49	29.76	29.20	28.56	29.63	30.82	28.62	28.60	27.25	26.21	26.19	26.29
hsa-miR-92b-3p	38.32	40.10	35.92	40.43	37.44	40.04	36.48	38.30	37.30	39.32	40.17	37.39	38.06	38.19	42.00	34.37	34.83	37.23	34.59	34.96	35.83	38.57	35.12	35.93	36.19	36.85	34.66	34.25	34.85	35.13	35.19
hsa-miR-505-3p	35.75	36.63	33.70	33.73	34.72	35.09	34.66	34.90	35.21	35.73	35.90	34.87	35.42	36.95	34.15	30.09	31.27	33.67	30.91	31.85	33.26	36.01	31.64	34.15	35.03	32.50	31.80	31.16	29.46	29.95	31.01
hsa-miR-23b-3p	30.50	30.79	30.49	30.43	28.94	30.14	29.71	29.58	30.41	30.67	30.93	30.83	31.84	29.56	30.93	24.91	26.37	28.48	25.23	25.81	29.06	30.31	26.49	28.50	28.29	27.13	26.23	25.71	25.04	24.31	25.84
hsa-miR-141-3p	38.07	40.10	42.00	37.03	35.93	36.81	40.48	36.56	38.84	36.84	35.92	38.57	35.69	34.60	42.00	33.70	35.53	36.78	36.38	38.52	35.40	35.26	42.00	38.78	42.00	35.96	42.00	36.76	34.48	36.22	35.55
hsa-miR-10a-5p	38.43	39.36	37.35	37.05	38.40	38.41	40.48	37.63	39.50	40.10	40.17	42.00	39.89	37.00	42.00	34.86	35.72	37.03	34.09	34.62	36.24	36.68	35.45	37.58	40.07	35.37	34.71	34.33	34.92	33.28	34.84
hsa-miR-27a-3p	35.07	35.39	34.98	34.95	33.52	35.13	33.71	35.06	33.95	33.59	35.20	34.79	35.20	31.79	34.71	27.14	29.26	31.37	28.24	28.36	31.11	31.00	29.73	32.09	31.93	28.98	28.99	28.08	27.08	26.43	26.26
hsa-miR-1	42.00	42.00	39.93	37.88	34.09	37.21	38.84	42.00	42.00	38.28	38.37	40.15	39.89	39.88	42.00	34.38	32.53	40.14	32.87	33.91	38.23	36.98	33.00	38.63	34.88	36.76	35.76	32.76	35.65	30.86	33.54
hsa-miR-382-5p	35.43	37.90	36.67	35.92	33.66	36.63	35.27	36.56	36.60	34.06	34.45	35.26	42.00	32.92	42.00	28.79	29.68	32.32	27.40	28.95	37.11	36.39	29.89	34.56	34.14	29.34	28.40	29.35	31.06	29.40	30.78
hsa-miR-32-5p	36.36	36.95	38.05	35.00	33.97	35.38	34.80	36.09	36.33	36.14	35.28	34.42	36.15	34.82	36.08	29.83	34.17	34.30	32.51	32.35	33.92	32.63	32.74	34.82	33.56	33.16	32.75	31.98	30.44	31.65	29.28
hsa-miR-133b	37.99	42.00	34.95	35.22	34.33	39.09	42.00	42.00	42.00	35.81	36.46	37.34	35.99	34.89	38.21	32.41	32.01	37.55	30.75	31.23	36.90	36.43	32.42	36.84	35.89	34.99	33.68	32.17	33.52	29.36	33.03
hsa-let-7d-5p	31.08	32.94	32.06	32.70	29.79	32.10	32.10	31.63	32.23	31.66	31.34	31.88	33.14	31.39	33.13	28.29	30.61	33.03	28.33	29.22	31.79	32.24	30.78	30.96	32.41	30.75	30.38	29.33	28.41	29.11	27.53
hsa-miR-133a	36.91	38.58	37.39	34.49	34.24	36.11	36.55	36.92	38.28	36.76	37.12	37.31	37.04	35.19	42.00	32.80	31.43	37.00	30.35	31.13	38.64	35.81	31.95	37.02	34.37	36.50	33.67	31.80	33.09	28.98	33.09
hsa-miR-20b-5p	40.21	40.10	39.93	40.43	37.66	39.61	40.48	38.58	40.17	35.18	35.14	34.88	38.16	36.82	38.35	32.69	35.67	34.82	35.36	35.55	34.84	34.36	35.91	34.38	36.49	37.06	34.42	33.75	32.64	34.39	31.70
hsa-miR-328	38.29	37.84	35.82	36.85	32.59	35.40	36.20	36.06	37.20	35.08	34.62	34.35	35.79	33.36	35.71	27.84	28.95	29.95	26.98	28.01	32.42	33.41	29.07	30.62	31.14	29.70	28.13	28.39	28.20	27.02	29.66
hsa-miR-532-3p	34.76	40.10	33.11	34.03	35.10	35.18	34.75	34.92	34.52	40.10	35.63	36.03	34.42	36.44	35.25	28.65	31.82	31.50	30.33	30.79	32.70	33.75	32.08	31.47	32.88	30.89	30.97	29.42	28.56	29.13	30.25
hsa-miR-15a-5p	26.59	27.02	26.43	26.70	26.67	27.08	26.85	26.53	26.45	27.60	27.43	27.38	27.13	26.73	27.76	22.94	24.59	24.67	24.48	25.15	25.99	25.87	24.87	26.11	27.10	24.92	24.90	23.11	22.09	23.51	22.80
hsa-miR-532-5p	33.66	34.37	33.57	34.04	33.75	33.36	40.48	32.93	32.64	34.69	33.44	33.07	33.02	32.19	42.00	29.84	33.31	33.92	32.12	32.25	34.13	34.38	33.56	33.20	35.63	32.61	34.21	30.98	29.46	30.67	30.65
hsa-miR-194-5p	34.34	33.61	32.66	32.58	33.48	33.58	32.21	33.90	35.99	34.85	34.87	35.07	33.77	34.26	32.88	30.62	33.50	33.71	33.88	35.07	31.60	33.87	33.45	31.97	35.73	32.31	33.21	30.70	29.53	31.14	29.67
hsa-miR-660-5p	31.80	37.91	30.98	31.62	31.53	31.25	31.26	31.00	31.49	31.53	32.36	31.96	32.00	31.60	33.25	28.01	30.11	29.23	30.27	30.46	31.30	31.62	30.78	30.53	33.12	30.33	29.89	29.09	27.79	28.36	28.78
hsa-miR-574-3p	35.97	34.84	33.72	34.59	32.44	34.66	34.27	27.44	34.51	33.08	34.14	33.37	39.47	33.07	35.01	28.69	30.35	34.32	28.94	30.26	33.13	33.05	30.21	31.79	33.22	31.30	30.08	30.01	28.98	28.59	30.13
hsa-miR-551b-3p	37.33	22.70	42.00	42.00	36.09	40.04	42.00	36.61	40.17	36.58	42.00	42.00	42.00	42.00	42.00	33.54	32.89	42.00	33.31	34.74	36.45	36.94	33.34	40.26	42.00	37.00	34.03	33.94	32.22	31.53	32.82
hsa-miR-130a-3p	32.24	33.26	32.71	32.37	30.87	32.11	32.31	32.19	32.72	33.21	32.62	32.26	33.42	33.94	33.71	25.58	27.99	30.41	27.34	27.79	30.16	31.22	28.08	30.08	30.98	27.56	27.71	27.99	27.22	26.17	27.86
hsa-miR-28-5p	35.13	34.82	35.72	35.54	32.41	34.59	33.98	34.84	35.12	42.00	33.43	35.01	42.00	33.71	40.10	28.57	30.33	34.11	30.25	30.25	33.82	31.16	30.85	32.14	32.92	30.75	30.72	30.17	28.89	28.70	29.66
hsa-miR-497-5p	35.52	34.29	34.23	33.35	34.99	34.60	33.34	34.38	40.17	35.42	38.36	36.22	34.69	36.94	34.77	28.83	33.49	32.93	32.88	32.24	33.05	33.24	34.50	33.21	35.05	32.34	31.95	32.05	32.05	30.20	32.86
hsa-miR-425-3p	36.79	36.26	36.69	35.04	34.13	35.73	35.54	34.36	36.22	34.81	34.24	36.15	34.88	34.56	35.18	28.07	30.03	31.42	28.85	28.83	32.96	34.18	30.36	32.13	32.83	30.55	29.44	28.88	28.42	27.85	29.28
hsa-miR-132-3p	34.27	33.45	33.82	32.94	32.85	34.54	35.45	32.97	34.40	33.96	34.95	34.09	34.46	34.86	33.95	30.47	31.08	32.33	30.68	31.14	32.48	33.16	31.52	32.52	33.80	32.25	31.21	30.87	30.06	29.94	31.44
hsa-let-7c	33.42	33.96	33.95	33.70	32.17	33.59	33.19	33.41	33.15	34.58	34.27	34.39	34.47	33.52	33.70	29.85	31.76	33.39	30.74	32.37	32.86	32.13	32.48	32.27	33.08	31.46	31.06	30.26	30.39	31.57	29.27
hsa-miR-18a-5p	33.53	35.13	34.14	35.21	31.06	33.67	34.05	34.17	34.17	32.13	32.47	32.35	32.92	31.92	35.64	27.10	30.28	34.26	29.23	29.13	31.35	32.97	29.92	30.95	33.13	30.90	30.43	30.07	28.12	28.04	28.23
hsa-miR-29b-3p	35.50	37.08	35.66	34.66	34.53	36.75	35.53	34.95	37.77	34.68	34.15	33.26	34.10	34.56	36.93	28.49	33.32	36.18	32.86	31.94	31.36	31.30	33.06	32.65	36.38	31.98	33.98	31.43	29.71	29.67	28.62
hsa-miR-136-5p	42.00	42.00	37.40	35.88	36.50	42.00	37.14	42.00	42.00	42.00	37.26	42.00	39.89	36.57	42.00	29.10	33.33	35.94	31.26	31.12	36.64	36.06	32.63	37.21	35.29	32.59	31.90	32.29	34.20	31.76	31.44
hsa-let-7i-3p	40.21	40.10	42.00	38.11	40.06	42.00	40.48	37.44	42.00	40.10	40.17	40.15	39.89	39.88	40.10	30.93	35.29	36.41	34.76	34.92	37.32	36.78	37.63	35.30	38.06	34.60	37.53	34.44	31.24	33.55	33.57
hsa-miR-106b-5p	32.71	32.70	32.53	32.30	30.73	31.78	31.74	32.41	34.16	30.88	30.22	29.92	31.14	29.56	34.68	26.33	29.02	31.64	28.77	28.76	29.28	30.45	28.99	30.10	31.86	29.56	29.12	27.30	25.82	26.87	25.67
hsa-miR-15b-3p	32.43	33.18	33.59	32.97	33.24	33.48	33.36	33.02	34.04	33.62	36.03	32.74	32.83	33.17	34.96	29.00	31.38	31.17	30.88	31.59	31.98	33.38	31.54	32.51	34.54	32.14	31.64	30.90	29.85	29.38	29.42
hsa-miR-142-5p	34.04	36.05	35.54	34.48	32.32	33.93	34.28	35.19	36.54	34.39	35.05	33.99	35.42	34.00	38.23	27.52	30.57	33.89	29.74	29.87	31.93	31.75	30.54	32.24	32.66	30.87	30.55	29.73	27.92	27.97	28.25
hsa-miR-296-5p	37.98	42.00	42.00	37.91	38.85	37.51	35.55	37.18	39.56	42.00	35.66	36.95	35.62	38.01	42.00	31.72	33.09	34.52	34.44	33.08	33.85	34.11	33.02	32.46	33.78	32.84	32.86	31.54	31.00	30.80	31.25
hsa-miR-326	40.21	36.67	39.93	40.43	37.01	42.00	36.49	40.30	36.70	40.10	37.35	40.15	42.00	39.88	40.10	25.92	30.24	32.01	28.08	28.34	32.73	32.94	30.45	31.30	30.86	29.31	29.07	27.90	27.23	27.20	28.67
hsa-miR-421	34.90	37.76	35.70	37.30	34.73	36.18	34.93	36.23	37.15	38.03	37.14	36.25	36.50	34.82	36.76	29.56	31.05	32.42	30.35	31.05	34.28	34.79	31.65	32.99	33.13	31.09	30.80	30.06	29.71	29.70	31.11
hsa-miR-223-5p	35.06	40.10	36.46	35.86	34.71	36.59	35.54	36.79	38.42	36.82	35.16	34.69	42.00	38.26	34.62	29.81	30.77	32.17	29.72	31.49	33.69	33.33	31.09	33.42	33.32	31.71	30.94	29.43	29.02	29.75	30.41
hsa-miR-146b-5p	36.13	35.74	35.45	35.57	34.01	35.41	35.46	35.25	35.31	34.80	35.85	35.47	36.97	34.93	36.69	30.13	32.92	33.69	31.68	32.26	32.79	34.24	33.33	32.54	34.95	33.34	32.39	31.88	32.00	30.26	30.83
hsa-miR-205-5p	38.03	36.86	36.43	35.58	37.61	36.45	36.99	35.78	35.19	35.19	39.80	35.94	37.39	32.29	36.52	38.18	37.89	37.56	40.22	40.00	38.51	37.26	35.52	40.26	37.48	40.24	38.67	42.00	33.90	36.80	35.25
hsa-miR-339-5p	39.06	37.64	39.93	36.43	35.77	40.04	36.21	35.23	35.95	36.25	37.51	35.91	37.06	35.69	40.10	31.75	34.14	34.91	31.97	31.08	35.59	35.37	34.45	35.86	35.20	33.22	33.20	32.57	31.99	42.00	32.63
hsa-miR-500a-5p	40.21	40.10	36.20	42.00	40.06	40.04	42.00	40.30	40.17	36.53	35.53	34.51	36.01	39.88	40.10	31.84	34.42	32.88	36.47	35.38	33.63	34.05	34.86	33.63	35.24	32.76	33.51	31.13	30.43	31.89	30.46
hsa-miR-378a-3p	31.69	32.80	30.55	30.76	31.07	31.69	30.82	30.52	32.32	31.96	32.15	31.41	31.35	32.25	30.88	27.80	29.36	28.64	28.62	28.98	30.00	30.72	29.77	29.97	30.75	29.12	28.54	27.52	26.81	27.68	28.06
hsa-miR-425-5p	31.09	31.21	30.79	31.18	30.34	30.80	30.96	30.37	31.69	30.74	30.71	29.83	30.61	30.61	32.73	25.51	27.36	28.04	26.79	26.96	29.28	30.67	27.42	28.63	29.00	27.44	26.54	25.83	24.90	25.04	26.32
hsa-miR-346	37.30	37.31	36.66	36.89	35.97	37.23	36.37	35.52	40.17	35.83	37.97	35.83	35.22	36.47	36.59	36.89	35.54	36.92	35.95	36.25	36.23	36.03	35.80	36.00	36.07	35.86	35.65	36.34	35.99	35.34	35.95
hsa-miR-193b-3p	35.98	35.97	34.42	35.21	35.80	40.04	34.74	38.75	36.72	42.00	42.00	36.08	42.00	35.81	35.58	32.89	36.93	35.37	36.34	36.89	32.32	30.93	35.28	32.30	36.29	35.95	36.90	33.03	31.68	30.37	32.23
hsa-miR-885-5p	35.16	36.79	33.24	33.89	34.61	35.33	32.42	36.42	37.54	40.10	42.00	37.08	35.22	37.05	33.25	36.27	37.88	42.00	37.58	42.00	33.37	36.14	35.86	31.79	38.82	36.44	35.23	36.09	33.19	34.96	35.78
hsa-miR-127-3p	35.22	42.00	36.06	36.75	32.93	35.81	37.45	35.81	35.68	35.33	33.84	36.33	36.23	33.79	42.00	28.99	30.81	34.03	28.45	29.93	40.24	35.91	30.55	35.58	33.65	30.24	29.67	29.89	32.36	29.27	32.07
hsa-miR-208a	40.21	42.00	42.00	42.00	42.00	40.04	42.00	42.00	42.00	40.10	40.17	40.15	37.24	39.88	42.00	40.01	40.22	40.14	40.22	42.00	40.24	42.00	42.00	40.26	39.49	42.00	40.21	40.17	36.09	40.07	42.00
hsa-miR-16-2-3p	34.71	34.83	34.01	33.53	33.85	34.10	33.46	32.86	33.30	33.99	33.81	34.12	34.99	33.58	36.85	30.16	33.06	32.24	33.15	33.52	33.25	36.14	33.50	33.74	34.78	33.34	32.84	30.82	30.74	30.94	30.91
hsa-miR-140-5p	34.46	36.31	34.63	35.20	32.63	34.37	34.06	33.38	35.62	33.30	34.06	34.71	35.35	33.92	40.10	30.91	33.03	36.68	32.23	32.75	33.69	33.84	32.79	34.05	36.21	33.50	32.93	31.95	29.78	30.60	30.73
hsa-miR-130b-3p	34.34	35.06	35.17	34.26	33.18	34.92	34.41	33.55	36.07	35.92	35.37	34.80	34.80	36.67	36.51	28.90	31.06	31.91	30.05	30.21	32.71	33.72	31.10	32.30	33.74	31.32	30.64	29.74	29.91	29.30	30.45
hsa-miR-20a-3p	42.00	42.00	37.23	42.00	36.68	38.17	36.70	37.44	42.00	42.00	42.00	37.52	37.69	42.00	42.00	35.55	42.00	42.00	36.50	40.00	38.11	37.42	42.00	42.00	42.00	37.25	37.93	42.00	36.45	42.00	34.83
hsa-miR-629-5p	33.13	34.19	32.76	33.08	33.76	34.06	32.98	32.03	33.95	33.87	33.60	34.16	32.73	33.89	33.40	29.41	30.82	29.81	29.76	30.11	32.11	32.59	31.49	31.36	31.96	30.81	30.48	29.28	28.94	30.11	29.83
hsa-miR-200c-3p	36.71	35.95	36.63	35.96	38.00	36.56	36.73	35.62	42.00	36.57	35.79	35.31	42.00	32.02	36.28	31.45	33.79	37.29	32.74	33.84	33.30	33.17	33.66	34.08	33.99	33.83	34.23	32.04	31.17	31.68	32.98
hsa-miR-501-3p	35.47	42.00	34.15	36.08	35.56	35.03	35.46	34.83	34.47	37.13	34.15	34.20	34.24	35.83	36.27	30.77	33.31	33.42	31.81	31.99	34.79	35.18	33.17	33.35	35.09	32.94	32.15	32.02	31.25	31.65	33.16
hsa-miR-423-3p	31.44	32.95	31.94	32.23	29.90	32.29	31.68	31.66	32.50	31.81	31.27	31.28	32.58	31.42	31.61	26.03	27.21	28.38	24.57	25.31	29.85	31.12	27.45	28.54	29.61	28.17	27.28	26.98	26.11	24.42	27.42
hsa-miR-376a-3p	38.31	40.10	39.43	39.49	33.75	40.04	37.50	36.02	40.17	37.27	37.30	37.82	42.00	35.82	38.49	29.29	32.08	35.41	30.22	31.88	39.12	36.07	32.13	38.12	36.77	31.57	30.40	31.38	32.94	31.00	32.27
hsa-miR-22-5p	35.70	34.62	33.23	32.54	34.38	35.23	32.76	32.94	34.49	34.16	35.41	34.78	34.03	39.88	34.93	29.21	30.54	32.39	29.92	30.06	33.13	33.57	31.11	32.92	34.10	31.47	30.70	30.26	30.00	28.98	30.76
hsa-miR-2110	35.24	35.22	36.54	35.45	34.13	34.36	34.94	35.35	36.66	36.58	34.44	33.92	34.22	34.60	35.48	30.54	32.33	33.67	31.29	31.86	33.60	34.94	32.85	33.86	32.74	31.95	32.25	30.88	30.89	31.64	30.93
hsa-miR-361-3p	40.21	40.10	42.00	37.42	40.06	36.68	36.65	42.00	36.67	38.47	37.87	36.26	39.89	38.77	35.94	32.02	33.75	35.64	32.69	33.65	34.88	34.59	34.84	35.60	36.58	34.58	33.93	32.76	31.98	31.15	32.52
hsa-miR-93-3p	42.00	35.92	42.00	36.73	34.87	42.00	40.48	42.00	42.00	34.43	33.93	32.77	33.56	33.07	35.96	29.19	30.60	31.15	29.42	30.03	33.00	33.72	30.30	31.59	33.26	31.43	30.67	29.48	28.47	28.40	29.84
hsa-miR-144-5p	33.75	42.00	32.75	32.72	33.03	34.71	34.02	33.31	34.94	33.18	33.24	34.02	33.44	35.01	40.10	31.87	33.80	35.70	33.26	33.13	33.06	34.99	34.07	33.80	35.72	33.45	35.09	31.18	31.66	33.18	29.67
hsa-miR-210	33.09	34.46	32.91	33.31	32.83	34.34	33.00	32.66	33.27	33.99	33.86	33.31	33.78	34.45	35.62	30.33	32.27	32.82	31.91	30.80	33.26	32.84	32.70	32.54	35.77	32.05	32.43	31.18	29.42	30.32	30.54
hsa-miR-199a-5p	34.78	42.00	36.17	34.94	32.20	34.90	35.39	35.41	36.98	35.38	40.17	34.50	35.39	35.74	35.17	25.25	29.17	31.27	27.97	28.14	31.92	33.09	29.06	31.41	30.30	28.80	27.98	27.65	26.78	26.01	27.66
hsa-miR-766-3p	34.67	37.33	35.60	35.88	32.16	33.56	35.36	34.62	35.14	34.64	33.74	34.49	42.00	34.10	35.39	28.07	29.44	31.80	27.68	28.08	32.58	33.56	29.77	32.00	31.20	30.55	29.44	29.38	28.73	27.53	29.49
hsa-miR-584-5p	35.46	38.08	35.72	37.28	34.57	35.94	35.97	36.01	37.82	34.94	35.95	37.35	35.24	34.64	37.71	28.93	31.55	32.63	29.02	29.82	32.77	34.37	32.22	32.79	31.32	30.16	30.23	30.41	30.50	29.31	30.45
hsa-miR-92a-3p	25.92	26.26	25.74	25.75	25.59	26.17	25.59	25.21	26.44	26.10	25.98	25.71	25.83	25.81	27.22	23.27	24.16	24.64	23.90	24.49	26.03	26.89	24.25	24.86	26.07	24.90	24.32	23.28	22.40	23.32	23.19
hsa-miR-363-3p	31.76	32.31	31.28	31.53	31.54	31.69	31.37	31.25	32.33	32.62	31.97	31.35	31.96	32.17	35.35	29.21	31.01	30.85	31.96	31.71	31.47	32.47	31.33	31.14	34.27	31.58	31.48	29.65	28.71	28.95	28.90
hsa-miR-374a-5p	36.11	40.10	36.97	36.32	34.86	38.90	36.91	38.75	37.22	34.94	38.21	36.01	38.74	34.88	40.10	31.85	36.13	40.14	35.37	36.17	36.04	35.44	35.36	36.76	36.67	36.26	35.87	33.91	32.41	33.20	31.21
hsa-miR-190a	42.00	40.10	42.00	40.43	38.00	42.00	40.48	42.00	42.00	37.86	40.17	40.15	42.00	39.88	42.00	38.79	42.00	40.14	42.00	42.00	40.24	42.00	42.00	42.00	42.00	42.00	42.00	36.05	37.00	40.07	33.52
hsa-miR-29a-5p	36.80	42.00	39.93	40.43	42.00	40.04	37.33	40.30	40.17	40.10	40.17	35.93	37.21	39.88	37.17	31.98	35.21	36.85	40.22	40.00	34.72	36.10	35.63	36.01	40.07	34.57	35.33	34.82	33.08	34.12	33.51
hsa-miR-18a-3p	40.21	40.10	39.93	37.21	37.23	40.04	38.92	35.30	39.44	35.78	36.12	35.49	37.72	38.42	38.42	31.67	33.62	33.83	32.14	32.72	34.91	35.63	33.79	33.85	35.02	34.25	32.78	32.10	31.08	30.58	31.98
hsa-miR-151a-3p	33.21	36.15	34.65	34.67	32.45	33.24	33.63	33.23	34.78	33.30	34.18	34.11	34.40	32.61	35.78	26.94	28.79	31.32	28.29	28.64	31.97	32.14	29.10	31.35	30.58	28.91	28.56	28.17	28.50	27.31	28.85
hsa-miR-28-3p	34.42	34.34	35.53	34.40	32.66	33.70	34.20	34.04	40.17	34.81	33.64	35.07	35.59	35.73	34.54	27.74	28.84	29.74	27.24	28.07	31.72	29.82	29.05	30.78	30.65	29.03	28.72	28.17	28.03	27.04	28.94
hsa-miR-324-3p	35.95	34.23	34.05	34.57	32.72	33.81	33.46	32.99	34.22	32.23	32.71	32.04	32.98	33.97	36.85	28.13	30.09	30.06	28.67	28.91	31.73	32.30	30.48	31.00	31.75	29.91	29.77	28.97	27.93	27.24	28.93
hsa-miR-182-5p	40.21	37.13	38.18	36.73	37.50	42.00	36.82	42.00	42.00	39.53	40.17	40.15	42.00	42.00	42.00	37.23	42.00	40.14	37.13	37.38	37.87	42.00	42.00	38.71	42.00	42.00	42.00	36.20	36.21	37.62	34.68
hsa-miR-15b-5p	31.84	32.17	31.97	32.23	31.12	32.70	31.45	32.02	40.17	31.89	32.74	33.06	32.22	32.19	33.45	25.62	27.90	29.63	27.38	27.88	29.52	29.61	28.13	30.15	30.07	28.12	27.54	26.39	26.25	25.97	25.69
hsa-miR-106b-3p	35.09	42.00	39.93	40.43	35.61	36.69	40.48	37.64	42.00	36.62	34.18	40.15	37.01	34.99	36.78	30.82	32.79	35.49	30.83	30.80	34.05	42.00	32.03	33.89	33.33	31.82	31.57	31.23	30.59	30.17	32.20
hsa-miR-29c-3p	32.81	33.56	31.87	31.38	31.60	32.06	31.17	32.07	33.23	33.02	33.05	31.94	32.24	32.04	31.84	26.87	29.70	29.92	29.79	29.81	29.75	28.24	29.95	30.40	32.56	29.43	29.77	28.18	27.36	26.54	27.11
hsa-miR-95	36.70	36.39	37.38	36.78	36.80	42.00	36.27	40.30	42.00	36.72	42.00	36.23	36.03	37.03	36.33	33.68	42.00	40.14	42.00	42.00	36.52	36.53	35.55	37.53	42.00	36.50	35.41	36.74	37.81	34.47	34.07
hsa-miR-21-5p	28.87	28.76	27.85	27.92	27.41	27.97	27.55	28.39	28.96	28.38	29.19	28.91	28.60	27.69	30.05	22.61	25.23	25.00	25.83	25.85	24.69	24.75	25.54	25.94	27.61	24.88	24.51	24.20	24.72	23.30	23.96
hsa-miR-30e-3p	34.93	38.66	36.99	37.14	34.59	37.75	35.10	38.02	36.19	36.03	36.55	36.38	38.56	35.41	36.66	29.98	32.38	37.75	31.18	32.20	33.88	32.84	32.34	33.84	35.22	32.94	33.46	31.77	30.70	30.36	30.47
hsa-miR-543	36.12	37.86	35.94	40.43	33.57	35.10	37.02	36.37	36.88	40.10	34.03	34.98	39.89	34.50	40.10	30.82	32.55	35.06	29.10	30.46	38.30	37.89	31.92	34.84	36.07	31.51	31.19	31.64	32.04	30.78	31.86
hsa-miR-29b-2-5p	36.69	35.41	39.93	36.49	34.62	35.60	37.12	36.44	36.20	42.00	35.26	37.21	36.00	42.00	42.00	32.52	34.18	35.48	32.91	32.63	36.18	33.92	33.85	34.59	35.31	34.50	34.65	33.16	31.66	31.94	32.19
hsa-miR-495-3p	35.86	38.33	37.02	37.11	32.75	35.72	36.36	35.37	36.23	36.85	34.82	35.58	35.93	36.03	36.54	29.93	31.34	36.64	29.37	31.18	36.89	36.02	31.18	36.87	34.79	32.74	31.24	31.28	32.56	30.22	31.28
